sz159998	计算机	　1.019	+0.003	+0.295%	1.019	1.020	1.016	1.016	1.022	1.010	442,791	4,508.98		基金吧
sz159997	电子ETF	　1.045	0.000	0.000%	1.045	1.046	1.045	1.043	1.048	1.035	601,617	6,269.80		基金吧
sz159996	家电ETF	　1.034	+0.011	+1.075%	1.034	1.035	1.023	1.026	1.037	1.023	547,656	5,655.22		基金吧
sz159995	芯片ETF	　1.111	+0.011	+1.000%	1.111	1.112	1.100	1.097	1.114	1.091	8,691,387	96,036.11		基金吧
sz159994	5GETF	　0.966	+0.003	+0.312%	0.965	0.966	0.963	0.965	0.971	0.956	1,910,202	18,422.95		基金吧
sz159993	龙头券商	　0.936	+0.012	+1.299%	0.935	0.936	0.924	0.926	0.942	0.924	669,220	6,256.72		基金吧
sz159992	创新药	　1.130	+0.022	+1.986%	1.129	1.130	1.108	1.108	1.132	1.106	1,338,184	15,058.71		基金吧
sz159991	创大盘	　1.111	+0.012	+1.092%	1.111	1.112	1.099	1.098	1.115	1.096	50,684	562.40		基金吧
sz159990	小盘价值	　0.977	+0.008	+0.826%	0.977	0.979	0.969	0.973	0.979	0.972	54,867	534.60		基金吧
sz159988	粤债ETF	　0.994	-0.002	-0.201%	0.991	0.994	0.996	0.993	0.996	0.993	460	4.57		基金吧
sz159987	创新ETF	　1.216	+0.013	+1.081%	1.214	1.216	1.203	1.209	1.218	1.203	192,565	2,330.38		基金吧
sz159986	消费100	　1.122	+0.011	+0.990%	1.122	1.123	1.111	1.129	1.129	1.110	68,035	759.02		基金吧
sz159985	豆粕ETF	　0.979	+0.003	+0.307%	0.978	0.979	0.976	0.977	0.980	0.976	224,925	2,199.32		基金吧
sz159984	湾区基金	　1.035	+0.007	+0.681%	1.034	1.035	1.028	1.023	1.035	1.023	62,724	647.06		基金吧
sz159983	大湾区	　1.095	+0.012	+1.108%	1.095	1.096	1.083	1.083	1.096	1.083	103,866	1,135.30		基金吧
sz159982	中证500	　1.072	+0.008	+0.752%	1.072	1.073	1.064	1.066	1.074	1.064	157,288	1,678.80		基金吧
sz159981	能源化工	　0.841	-0.007	-0.825%	0.840	0.841	0.848	0.848	0.848	0.835	33,193	278.68		基金吧
sz159980	有色期货	　0.946	+0.004	+0.425%	0.945	0.946	0.942	0.945	0.950	0.944	880,427	8,338.78		基金吧
sz159979	湾创100	　1.028	+0.008	+0.784%	1.027	1.028	1.020	1.019	1.028	1.017	20,390	208.98		基金吧
sz159978	湾区ETF	　1.084	+0.013	+1.214%	1.083	1.084	1.071	1.069	1.084	1.069	167,966	1,811.69		基金吧
sz159977	创业板TH	　2.174	+0.027	+1.258%	2.174	2.175	2.147	2.147	2.180	2.142	168,590	3,649.22		基金吧
sz159976	湾创ETF	　1.070	+0.007	+0.659%	1.068	1.070	1.063	1.064	1.070	1.062	239,378	2,554.65		基金吧
sz159975	深100SZ	　5.014	+0.031	+0.622%	5.014	5.016	4.983	4.989	5.029	4.981	20,147	1,008.65		基金吧
sz159974	央企创新	　0.863	+0.001	+0.116%	0.863	0.865	0.862	0.861	0.864	0.861	13,685	118.14		基金吧
sz159973	民企100	　1.303	-0.001	-0.077%	1.288	1.303	1.304	1.272	1.303	1.272	51	0.66		基金吧
sz159972	5年地债	　104.150	+0.009	+0.009%	104.155	104.190	104.141	104.200	104.290	104.150	1,239	1,291.17		基金吧
sz159971	创业板FG	　1.489	+0.014	+0.949%	1.493	1.496	1.475	1.490	1.490	1.489	14	0.21		基金吧
sz159970	深100ET	　4.839	+0.030	+0.624%	4.839	4.845	4.809	4.813	4.855	4.812	4,187	202.46		基金吧
sz159969	深100P	　1.228	+0.007	+0.573%	1.226	1.229	1.221	1.220	1.232	1.220	46,298	568.19		基金吧
sz159968	ZZ500ETF	　5.660	+0.033	+0.586%	5.660	5.665	5.627	5.627	5.669	5.621	187,427	10,586.92		基金吧
sz159967	创成长	　1.561	+0.025	+1.628%	1.560	1.561	1.536	1.541	1.564	1.527	111,863	1,740.56		基金吧
sz159966	创蓝筹	　1.524	+0.021	+1.397%	1.523	1.524	1.503	1.505	1.530	1.499	788,636	11,968.29		基金吧
sz159965	央视50	　1.156	+0.005	+0.434%	1.155	1.156	1.151	1.150	1.158	1.149	28,345	326.72		基金吧
sz159964	创业板PA	　1.290	+0.013	+1.018%	1.283	1.290	1.277	1.280	1.291	1.279	2,445	31.51		基金吧
sz159963	恒生中国	　0.966	+0.010	+1.046%	0.965	0.966	0.956	0.956	0.969	0.956	21,200	204.22		基金吧
sz159962	四川国改	　1.075	+0.015	+1.415%	1.072	1.075	1.060	1.061	1.075	1.061	24,183	259.15		基金吧
sz159961	深100	　1.615	+0.011	+0.686%	1.616	1.618	1.604	1.617	1.622	1.614	652	10.53		基金吧
sz159960	恒生国企	　0.998	+0.010	+1.012%	0.998	0.999	0.988	0.990	1.000	0.990	17,397	173.03		基金吧
sz159959	央企ETF	　0.970	+0.008	+0.832%	0.970	0.971	0.962	0.963	0.971	0.963	5,265	51.03		基金吧
sz159958	创业板ET	　1.263	+0.014	+1.121%	1.262	1.263	1.249	1.259	1.267	1.249	20,515	258.59		基金吧
sz159957	创业板HX	　1.291	+0.015	+1.176%	1.292	1.295	1.276	1.280	1.296	1.280	3,502	45.19		基金吧
sz159956	创业板F	　1.233	+0.030	+2.494%	1.230	1.233	1.203	1.215	1.234	1.206	7,060	86.51		基金吧
sz159955	创业板E	　1.179	+0.014	+1.202%	1.179	1.180	1.165	1.163	1.184	1.163	10,266	121.06		基金吧
sz159954	H股ETF	　0.979	+0.012	+1.241%	0.978	0.979	0.967	0.967	0.981	0.967	38,611	376.50		基金吧
sz159953	工业ETF	　0.770	0.000	0.000%	0.768	0.770	0.770	0.768	0.770	0.767	2,336	17.95		基金吧
sz159952	创业ETF	　1.260	+0.016	+1.286%	1.259	1.260	1.244	1.245	1.263	1.240	238,710	2,995.93		基金吧
sz159951	中关村A	　0.905	+0.005	+0.556%	0.906	0.907	0.900	0.899	0.907	0.899	265	2.40		基金吧
sz159949	创业板50	　0.825	+0.013	+1.601%	0.825	0.826	0.812	0.815	0.828	0.811	6,492,210	53,316.33		基金吧
sz159948	创业板EF	　2.284	+0.034	+1.511%	2.283	2.284	2.250	2.250	2.291	2.247	297,788	6,776.57		基金吧
sz159945	能源	　0.530	+0.003	+0.569%	0.527	0.530	0.527	0.527	0.530	0.524	6,712	35.38		基金吧
sz159944	材料ETF	　0.750	+0.004	+0.536%	0.747	0.750	0.746	0.745	0.751	0.745	787	5.90		基金吧
sz159943	深证ETF	　12.279	+0.161	+1.329%	12.255	12.279	12.118	12.120	12.279	12.120	652	79.74		基金吧
sz159941	纳指ETF	　2.183	+0.016	+0.738%	2.183	2.185	2.167	2.178	2.191	2.177	126,865	2,772.12		基金吧
sz159940	金融	　0.970	+0.004	+0.414%	0.970	0.971	0.966	0.967	0.973	0.967	6,268	60.82		基金吧
sz159939	信息技术	　1.298	+0.005	+0.387%	1.297	1.298	1.293	1.292	1.300	1.282	226,809	2,932.07		基金吧
sz159938	医药	　1.731	+0.027	+1.585%	1.730	1.731	1.704	1.698	1.733	1.698	145,035	2,501.20		基金吧
sz159937	博时黄金	　3.781	-0.002	-0.053%	3.780	3.781	3.783	3.795	3.795	3.778	1,488,525	56,339.36		基金吧
sz159936	可选消费	　1.478	+0.010	+0.681%	1.476	1.478	1.468	1.468	1.480	1.467	3,517	51.89		基金吧
sz159935	景顺500	　1.563	0.000	0.000%	1.556	1.564	1.563	1.562	1.563	1.553	230	3.59		基金吧
sz159934	黄金ETF	　3.750	-0.004	-0.107%	3.749	3.750	3.754	3.766	3.766	3.747	2,532,738	95,160.40		基金吧
sz159933	金地ETF	　2.059	+0.017	+0.833%	2.043	2.059	2.042	2.050	2.065	2.034	54	1.11		基金吧
sz159932	500深ETF	　1.571	+0.004	+0.255%	1.565	1.571	1.567	1.561	1.571	1.561	1,399	21.88		基金吧
sz159931	金融ETF	　1.591	+0.004	+0.252%	1.589	1.590	1.587	1.587	1.593	1.584	2,208	35.08		基金吧
sz159930	能源ETF	　0.578	+0.004	+0.697%	0.577	0.578	0.574	0.575	0.578	0.573	50,676	291.47		基金吧
sz159929	医药ETF	　1.918	+0.035	+1.859%	1.917	1.918	1.883	1.883	1.919	1.881	62,833	1,198.48		基金吧
sz159928	消费ETF	　3.496	+0.025	+0.720%	3.495	3.496	3.471	3.473	3.497	3.454	151,389	5,279.86		基金吧
sz159926	国债ETF	　115.228	+0.290	+0.252%	114.830	115.228	114.938	114.898	115.228	114.821	37	42.56		基金吧
sz159925	南方300	　1.804	+0.008	+0.445%	1.803	1.804	1.796	1.800	1.806	1.797	2,593	46.75		基金吧
sz159923	100ETF	　1.748	+0.016	+0.924%	1.740	1.748	1.732	1.733	1.750	1.733	460	8.02		基金吧
sz159922	500ETF	　5.963	+0.030	+0.506%	5.962	5.963	5.933	5.940	5.980	5.920	179,712	10,702.82		基金吧
sz159920	恒生ETF	　1.416	+0.023	+1.651%	1.415	1.416	1.393	1.398	1.418	1.395	6,587,376	92,907.02		基金吧
sz159919	300ETF	　4.107	+0.022	+0.539%	4.107	4.109	4.085	4.085	4.115	4.078	1,770,744	72,616.33		基金吧
sz159918	中创400	　1.690	-0.003	-0.177%	1.690	1.702	1.693	1.689	1.694	1.689	325	5.50		基金吧
sz159916	深F60	　4.327	-0.001	-0.023%	4.327	4.332	4.328	4.328	4.341	4.270	1,271	54.77		基金吧
sz159915	创业板	　2.102	+0.029	+1.399%	2.101	2.102	2.073	2.076	2.106	2.068	2,560,763	53,599.58		基金吧
sz159913	深价值	　1.991	-0.011	-0.549%	1.991	1.995	2.002	2.001	2.001	1.972	2,263	44.89		基金吧
sz159912	深300ETF	　1.503	+0.013	+0.872%	1.495	1.503	1.490	1.490	1.504	1.490	5,348	80.06		基金吧
sz159911	民营ETF	　4.766	+0.121	+2.605%	4.766	4.775	4.645	4.720	4.781	4.717	2,341	111.15		基金吧
sz159910	深F120	　1.955	0.000	0.000%	1.955	1.956	1.955	1.955	1.963	1.949	1,905	37.32		基金吧
sz159909	深TMT	　5.837	+0.007	+0.120%	5.837	5.843	5.830	5.837	5.858	5.800	1,906	111.36		基金吧
sz159908	博时创业	　1.866	+0.022	+1.193%	1.869	1.871	1.844	1.844	1.872	1.844	82,162	1,528.55		基金吧
sz159907	中小300	　1.460	+0.006	+0.413%	1.455	1.457	1.454	1.445	1.460	1.443	1,531	22.30		基金吧
sz159906	深成长	　1.257	+0.020	+1.617%	1.257	1.258	1.237	1.244	1.263	1.236	38,404	477.90		基金吧
sz159905	深红利	　1.999	+0.004	+0.201%	1.998	1.999	1.995	1.996	2.009	1.992	255,621	5,113.35		基金吧
sz159903	深成ETF	　1.247	+0.012	+0.972%	1.242	1.245	1.235	1.235	1.248	1.232	9,559	118.81		基金吧
sz159902	中 小 板	　3.629	+0.035	+0.974%	3.628	3.629	3.594	3.601	3.630	3.590	81,446	2,942.70		基金吧
sz159901	深100ETF	　5.610	+0.034	+0.610%	5.609	5.610	5.576	5.579	5.625	5.567	155,896	8,731.51		基金吧
sz159813	芯片	　1.021	+0.006	+0.591%	1.020	1.021	1.015	1.015	1.024	1.002	265,676	2,702.73		基金吧
sz159812	黄金基金	　3.843	+0.003	+0.078%	3.841	3.843	3.840	3.845	3.849	3.840	19,200	738.16		基金吧
sz159811	5G50ETF	　1.067	+0.002	+0.188%	1.066	1.067	1.065	1.065	1.070	1.056	548,819	5,844.41		基金吧
sz159809	恒生湾区	　1.050	+0.011	+1.059%	1.050	1.051	1.039	1.039	1.050	1.039	191,238	1,999.92		基金吧
sz159807	科技ETF	　1.146	+0.010	+0.880%	1.145	1.146	1.136	1.136	1.150	1.131	272,357	3,110.15		基金吧
sz159806	新能车	　1.137	+0.013	+1.157%	1.136	1.137	1.124	1.138	1.144	1.132	420,516	4,788.56		基金吧
sz159805	传媒ETF	　1.055	+0.018	+1.736%	1.054	1.055	1.037	1.037	1.057	1.035	681,474	7,156.97		基金吧
sz159804	创精选88	　1.057	+0.007	+0.667%	1.057	1.058	1.050	1.045	1.058	1.045	45,641	481.21		基金吧
sz159803	浙江ETF	　1.044	+0.002	+0.192%	1.042	1.044	1.042	1.037	1.045	1.037	14,818	154.31		基金吧
sz159802	800ETF	　1.022	+0.002	+0.196%	1.022	1.023	1.020	1.015	1.025	1.015	78,891	806.20		基金吧
sz159801	芯片基金	　1.082	+0.009	+0.839%	1.081	1.082	1.073	1.073	1.085	1.063	1,281,477	13,803.33		基金吧
sz159005	添富快钱	　100.000	0.000	0.000%	100.000	100.002	100.000	99.999	100.001	99.999	361	361.14		基金吧
sz159003	招商快线	　100.000	0.000	0.000%	100.000	100.001	100.000	100.000	100.001	99.999	12,285	12,284.76		基金吧
sz159001	保证金	　100.001	0.000	0.000%	100.000	100.001	100.001	100.000	100.001	99.999	15,822	15,821.92		基金吧
sh518880	黄金ETF	　3.782	-0.001	-0.026%	3.781	3.783	3.783	3.793	3.796	3.778	3,024,042	114,471.83		基金吧
sh518850	黄金9999	　3.840	-0.003	-0.078%	3.840	3.841	3.843	3.844	3.856	3.838	75,786	2,913.65		基金吧
sh518800	黄金基金	　3.749	0.000	0.000%	3.748	3.750	3.749	3.760	3.761	3.746	557,498	20,916.52		基金吧
sh518660	工银黄金	　3.840	+0.001	+0.026%	3.839	3.841	3.839	3.844	3.852	3.837	141,674	5,442.47		基金吧
sh515990	添富国企	　0.911	+0.003	+0.330%	0.911	0.913	0.908	0.909	0.917	0.908	1,000	9.12		基金吧
sh515980	人工智能	　1.071	+0.002	+0.187%	1.070	1.071	1.069	1.069	1.074	1.063	106,742	1,142.03		基金吧
sh515950	医药50FG	　1.242	+0.020	+1.637%	1.242	1.243	1.222	1.221	1.245	1.218	43,993	544.96		基金吧
sh515930	永赢300	　4.065	+0.033	+0.818%	4.066	4.068	4.032	4.052	4.071	4.052	8,358	339.32		基金吧
sh515900	央创ETF	　0.868	+0.003	+0.347%	0.862	0.870	0.865	0.865	0.868	0.863	481,843	4,173.01		基金吧
sh515890	博时红利	　1.046	+0.005	+0.480%	1.044	1.047	1.041	1.042	1.046	1.042	92,971	970.84		基金吧
sh515880	通信ETF	　1.125	+0.003	+0.267%	1.125	1.126	1.122	1.123	1.127	1.113	674,676	7,560.27		基金吧
sh515870	制造100	　1.019	+0.012	+1.192%	1.010	1.019	1.007	1.011	1.019	1.011	12,787	129.97		基金吧
sh515860	科技100	　1.248	+0.017	+1.381%	1.248	1.249	1.231	1.233	1.253	1.226	133,602	1,661.64		基金吧
sh515850	证券FG	　1.000	+0.012	+1.215%	0.999	1.000	0.988	0.988	1.008	0.988	73,329	735.06		基金吧
sh515820	中证800E	　1.032	+0.005	+0.487%	1.032	1.034	1.027	1.026	1.035	1.026	95,146	981.34		基金吧
sh515810	ZZ800ETF	　1.048	+0.008	+0.769%	1.048	1.049	1.040	1.043	1.049	1.043	26,589	278.41		基金吧
sh515800	800ETF	　1.002	+0.006	+0.602%	1.001	1.002	0.996	0.996	1.004	0.996	2,614,095	26,154.02		基金吧
sh515780	浦银MSCI	　1.045	+0.005	+0.481%	1.045	1.046	1.040	1.040	1.047	1.038	430,756	4,491.89		基金吧
sh515750	科技50	　1.242	+0.005	+0.404%	1.241	1.242	1.237	1.237	1.245	1.227	423,530	5,252.81		基金吧
sh515700	新能车	　1.091	+0.010	+0.925%	1.090	1.091	1.081	1.093	1.099	1.086	1,353,097	14,782.72		基金吧
sh515690	股息龙头	　1.036	+0.006	+0.583%	1.033	1.036	1.030	1.025	1.037	1.025	93,240	964.96		基金吧
sh515680	创新央企	　0.867	+0.002	+0.231%	0.864	0.866	0.865	0.860	0.867	0.860	805,367	6,967.02		基金吧
sh515670	中银100	　1.040	+0.006	+0.580%	1.039	1.040	1.034	1.032	1.041	1.032	58,514	607.52		基金吧
sh515660	沪深300E	　4.068	+0.019	+0.469%	4.068	4.069	4.049	4.049	4.073	4.036	861	34.95		基金吧
sh515650	消费50	　1.129	+0.010	+0.894%	1.128	1.129	1.119	1.119	1.133	1.116	431,396	4,865.87		基金吧
sh515630	证保ETF	　0.981	+0.007	+0.719%	0.981	0.982	0.974	0.976	0.988	0.976	191,616	1,878.12		基金吧
sh515620	ZZ800	　1.027	+0.005	+0.489%	1.025	1.027	1.022	1.021	1.029	1.019	94,397	967.30		基金吧
sh515600	央企创新	　0.848	+0.003	+0.355%	0.846	0.848	0.845	0.843	0.848	0.843	34,455	291.25		基金吧
sh515590	500ETFEW	　1.104	+0.009	+0.822%	1.086	1.104	1.095	1.100	1.108	1.096	38,428	423.70		基金吧
sh515580	中证科技	　1.217	+0.011	+0.912%	1.217	1.218	1.206	1.206	1.219	1.201	66,413	806.92		基金吧
sh515570	山证红利	　0.980	+0.005	+0.513%	0.973	0.983	0.975	0.983	0.989	0.977	6,926	68.09		基金吧
sh515550	中融500	　1.123	+0.006	+0.537%	1.100	1.125	1.117	1.116	1.126	1.116	5,203	58.34		基金吧
sh515520	价值100	　1.061	+0.006	+0.569%	0.000	1.064	1.055	1.055	1.064	1.055	78,900	836.00		基金吧
sh515510	500成长	　1.115	+0.009	+0.814%	1.110	1.115	1.106	1.105	1.117	1.105	51,937	575.98		基金吧
sh515450	红利50	　0.940	+0.003	+0.320%	0.940	0.941	0.937	0.935	0.941	0.935	125,070	1,173.95		基金吧
sh515390	HS300	　0.987	+0.006	+0.612%	0.987	0.988	0.981	0.981	0.989	0.981	49,151	484.25		基金吧
sh515380	泰康300	　4.061	+0.036	+0.894%	4.061	4.063	4.025	4.032	4.063	4.027	252,773	10,248.38		基金吧
sh515360	方正300	　4.147	+0.127	+3.159%	4.146	4.147	4.020	4.101	4.147	4.027	1,425	58.98		基金吧
sh515350	民生300	　4.067	+0.026	+0.643%	4.060	4.067	4.041	4.045	4.071	4.042	42,939	1,743.61		基金吧
sh515330	天弘300	　1.019	+0.007	+0.692%	1.018	1.019	1.012	1.011	1.020	1.011	182,771	1,857.20		基金吧
sh515310	添富300	　1.009	+0.003	+0.298%	0.996	1.013	1.006	1.005	1.011	1.005	15,758	159.10		基金吧
sh515300	红利300	　0.946	+0.004	+0.425%	0.946	0.947	0.942	0.943	0.946	0.941	106,053	1,001.08		基金吧
sh515280	银行行业	　1.034	+0.003	+0.291%	1.033	1.034	1.031	1.032	1.036	1.031	15,716	162.35		基金吧
sh515220	煤炭ETF	　0.941	+0.004	+0.427%	0.940	0.941	0.937	0.936	0.941	0.934	274,605	2,572.55		基金吧
sh515210	钢铁ETF	　1.021	-0.002	-0.196%	1.020	1.022	1.023	1.029	1.029	1.020	362,377	3,709.62		基金吧
sh515200	创新100	　1.257	+0.014	+1.126%	1.255	1.256	1.243	1.244	1.260	1.244	97,596	1,221.44		基金吧
sh515190	BOCI500	　1.039	+0.006	+0.581%	1.040	1.041	1.033	1.034	1.040	1.032	32,685	339.01		基金吧
sh515180	100红利	　0.972	+0.004	+0.413%	0.971	0.972	0.968	0.969	0.972	0.969	142,950	1,387.27		基金吧
sh515160	MSCICHNA	　1.045	+0.009	+0.869%	1.044	1.046	1.036	1.035	1.047	1.035	158,700	1,655.99		基金吧
sh515150	国企富国	　0.910	+0.009	+0.999%	0.907	0.910	0.901	0.902	0.910	0.902	45,887	415.32		基金吧
sh515130	HS300E	　1.055	+0.007	+0.668%	1.055	1.056	1.048	1.048	1.058	1.048	44,065	464.80		基金吧
sh515110	国企方达	　0.894	+0.005	+0.562%	0.893	0.895	0.889	0.889	0.895	0.889	117,162	1,045.40		基金吧
sh515090	可持续	　0.995	+0.003	+0.302%	0.982	0.997	0.992	0.992	0.997	0.991	85,502	849.97		基金吧
sh515080	中证红利	　1.016	+0.005	+0.495%	1.015	1.016	1.011	1.011	1.017	1.011	101,898	1,033.46		基金吧
sh515070	AI智能	　1.151	+0.007	+0.612%	1.150	1.151	1.144	1.144	1.153	1.138	94,010	1,078.76		基金吧
sh515060	华夏地产	　0.939	+0.005	+0.535%	0.938	0.940	0.934	0.936	0.941	0.935	50,976	477.77		基金吧
sh515050	5GETF	　1.162	+0.004	+0.345%	1.162	1.163	1.158	1.160	1.166	1.150	5,368,348	62,218.89		基金吧
sh515030	新汽车	　0.932	+0.009	+0.975%	0.931	0.932	0.923	0.934	0.939	0.929	2,725,030	25,464.19		基金吧
sh515020	华夏银基	　0.950	+0.002	+0.211%	0.950	0.951	0.948	0.948	0.951	0.946	4,679	44.41		基金吧
sh515010	华夏证券	　0.990	+0.008	+0.815%	0.990	0.993	0.982	0.988	0.998	0.972	28,969	286.26		基金吧
sh515000	科技ETF	　1.494	+0.008	+0.538%	1.493	1.494	1.486	1.490	1.499	1.476	1,761,307	26,226.33		基金吧
sh513900	港股100	　1.000	+0.016	+1.626%	0.999	1.001	0.984	0.985	1.001	0.983	105,232	1,046.23		基金吧
sh513880	日经225	　1.082	+0.008	+0.745%	1.081	1.082	1.074	1.074	1.083	1.074	38,163	412.35		基金吧
sh513800	东证ETF	　1.069	+0.009	+0.849%	1.068	1.069	1.060	1.062	1.069	1.060	3,451	36.68		基金吧
sh513680	建信H股	　0.945	+0.007	+0.746%	0.942	0.946	0.938	0.940	0.949	0.936	299	2.82		基金吧
sh513660	恒生通	　2.497	+0.038	+1.545%	2.497	2.498	2.459	2.468	2.499	2.464	27,690	688.23		基金吧
sh513600	恒指ETF	　2.495	+0.035	+1.423%	2.495	2.496	2.460	2.468	2.499	2.460	41,867	1,039.88		基金吧
sh513520	日经ETF	　1.110	+0.014	+1.277%	1.109	1.110	1.096	1.097	1.113	1.097	203,743	2,250.85		基金吧
sh513500	标普500	　2.147	+0.030	+1.417%	2.146	2.147	2.117	2.143	2.150	2.131	418,668	8,976.06		基金吧
sh513100	纳指ETF	　3.802	+0.006	+0.158%	3.801	3.802	3.796	3.820	3.830	3.788	200,797	7,642.21		基金吧
sh513090	香港证券	　1.091	+0.015	+1.394%	1.090	1.091	1.076	1.079	1.094	1.075	705,023	7,665.14		基金吧
sh513050	中概互联	　1.656	+0.004	+0.242%	1.655	1.656	1.652	1.658	1.661	1.650	550,788	9,122.65		基金吧
sh513030	德国30	　1.086	+0.003	+0.277%	1.086	1.087	1.083	1.082	1.090	1.081	689,951	7,487.61		基金吧
sh513000	225ETF	　1.114	+0.009	+0.814%	1.112	1.113	1.105	1.104	1.116	1.102	42,385	471.00		基金吧
sh512990	MSCIA股	　1.303	+0.008	+0.618%	1.302	1.304	1.295	1.290	1.307	1.290	167,134	2,174.21		基金吧
sh512980	传媒ETF	　0.888	+0.016	+1.835%	0.887	0.888	0.872	0.875	0.889	0.868	385,751	3,397.35		基金吧
sh512970	湾区ETF	　1.074	0.000	0.000%	1.074	1.079	1.074	1.074	1.080	1.070	1,822	19.57		基金吧
sh512960	央调ETF	　0.928	+0.008	+0.870%	0.925	0.928	0.920	0.920	0.928	0.920	38,253	353.45		基金吧
sh512950	央企改革	　0.926	+0.004	+0.434%	0.927	0.928	0.922	0.920	0.927	0.920	6,176	57.25		基金吧
sh512930	AIETF	　1.372	+0.003	+0.219%	1.371	1.372	1.369	1.369	1.375	1.356	51,120	699.62		基金吧
sh512920	MSCI新华	　1.377	+0.012	+0.879%	1.378	1.379	1.365	1.374	1.377	1.374	110	1.51		基金吧
sh512910	100ETF	　1.086	+0.008	+0.742%	1.085	1.086	1.078	1.080	1.088	1.079	172,560	1,869.32		基金吧
sh512900	证券基金	　0.921	+0.009	+0.987%	0.920	0.921	0.912	0.912	0.930	0.912	488,598	4,506.64		基金吧
sh512890	红利LV	　1.137	+0.005	+0.442%	1.137	1.138	1.132	1.134	1.138	1.134	30,203	343.20		基金吧
sh512880	证券ETF	　0.943	+0.009	+0.964%	0.942	0.943	0.934	0.935	0.951	0.934	11,955,064	112,822.38		基金吧
sh512870	杭州湾区	　1.396	+0.018	+1.306%	1.395	1.397	1.378	1.382	1.398	1.381	26,337	364.97		基金吧
sh512860	MSCI中国	　1.326	+0.010	+0.760%	1.327	1.328	1.316	1.344	1.344	1.318	10,936	144.56		基金吧
sh512850	北京50	　1.178	+0.005	+0.426%	1.179	1.185	1.173	1.173	1.181	1.172	24	0.28		基金吧
sh512820	银行股基	　1.034	+0.001	+0.097%	1.033	1.034	1.033	1.032	1.035	1.032	66,464	686.61		基金吧
sh512810	军工行业	　0.792	-0.001	-0.126%	0.792	0.793	0.793	0.792	0.793	0.790	12,314	97.54		基金吧
sh512800	银行ETF	　1.009	+0.001	+0.099%	1.008	1.009	1.008	1.007	1.011	1.004	902,307	9,097.99		基金吧
sh512790	民企成长	　1.148	+0.005	+0.437%	1.116	1.148	1.143	1.143	1.148	1.143	6	0.07		基金吧
sh512780	京津冀基	　0.751	+0.006	+0.805%	0.750	0.751	0.745	0.750	0.755	0.750	496	3.72		基金吧
sh512770	战略新兴	　1.428	+0.016	+1.133%	1.428	1.430	1.412	1.414	1.434	1.414	2,205	31.40		基金吧
sh512760	半导体50	　2.108	+0.023	+1.103%	2.107	2.108	2.085	2.080	2.113	2.065	2,855,061	59,844.96		基金吧
sh512750	基本面50	　0.970	+0.003	+0.310%	0.970	0.971	0.967	0.968	0.972	0.967	70,897	687.10		基金吧
sh512730	银行FUND	　0.904	+0.002	+0.222%	0.902	0.906	0.902	0.901	0.906	0.900	106,515	960.57		基金吧
sh512720	计算机	　1.300	+0.008	+0.619%	1.300	1.301	1.292	1.293	1.302	1.285	333,080	4,317.65		基金吧
sh512710	军工龙头	　1.073	0.000	0.000%	1.072	1.073	1.073	1.079	1.079	1.067	364,286	3,900.40		基金吧
sh512700	银行基金	　1.025	+0.001	+0.098%	1.024	1.025	1.024	1.022	1.026	1.022	1,854	18.98		基金吧
sh512690	酒ETF	　1.401	+0.014	+1.009%	1.400	1.401	1.387	1.384	1.403	1.377	391,159	5,458.24		基金吧
sh512680	军工基金	　0.827	0.000	0.000%	0.825	0.827	0.827	0.826	0.828	0.823	128,409	1,059.33		基金吧
sh512670	国防ETF	　1.188	-0.001	-0.084%	1.185	1.186	1.189	1.187	1.189	1.182	53,834	637.91		基金吧
sh512660	军工ETF	　0.812	-0.002	-0.246%	0.812	0.813	0.814	0.813	0.815	0.809	1,440,936	11,698.46		基金吧
sh512650	长三角	　1.004	+0.012	+1.210%	1.002	1.003	0.992	0.994	1.004	0.994	24,975	248.97		基金吧
sh512640	金融地产	　1.852	-0.009	-0.484%	1.842	1.860	1.861	1.840	1.860	1.840	1,446	26.79		基金吧
sh512610	医药卫生	　1.804	+0.024	+1.348%	1.790	1.803	1.780	1.780	1.804	1.757	1,222	21.69		基金吧
sh512600	主要消费	　3.382	+0.009	+0.267%	3.376	3.396	3.373	3.373	3.395	3.373	767	25.98		基金吧
sh512590	高股息	　1.088	+0.012	+1.115%	1.088	1.089	1.076	1.080	1.088	1.079	83,839	907.82		基金吧
sh512580	环保ETF	　0.811	+0.001	+0.123%	0.811	0.814	0.810	0.812	0.815	0.809	93,045	754.98		基金吧
sh512570	中证证券	　0.900	+0.003	+0.334%	0.900	0.903	0.897	0.890	0.908	0.890	7,445	67.21		基金吧
sh512560	中证军工	　0.872	+0.001	+0.115%	0.871	0.872	0.871	0.873	0.873	0.870	1,962	17.09		基金吧
sh512550	富时A50	　1.304	+0.008	+0.617%	1.300	1.303	1.296	1.291	1.306	1.290	23,542	306.47		基金吧
sh512530	300红利	　0.955	+0.004	+0.421%	0.953	0.957	0.951	0.951	0.958	0.950	12,667	121.10		基金吧
sh512520	MSCIETF	　1.205	+0.005	+0.417%	1.205	1.209	1.200	1.202	1.210	1.202	15,060	181.75		基金吧
sh512510	ETF500	　1.256	+0.005	+0.400%	1.256	1.259	1.251	1.250	1.260	1.248	158,980	1,994.32		基金吧
sh512500	中证500	　2.836	+0.015	+0.532%	2.834	2.836	2.821	2.821	2.841	2.813	1,122,095	31,740.74		基金吧
sh512480	半导体	　1.935	+0.019	+0.992%	1.935	1.936	1.916	1.916	1.941	1.895	897,329	17,265.72		基金吧
sh512400	有色ETF	　0.687	0.000	0.000%	0.686	0.687	0.687	0.689	0.693	0.684	490,566	3,374.34		基金吧
sh512390	MSCI低波	　1.102	+0.001	+0.091%	1.106	1.113	1.101	1.100	1.102	1.100	180	1.98		基金吧
sh512380	银华MSCI	　1.069	+0.007	+0.659%	1.069	1.070	1.062	1.062	1.071	1.061	340,029	3,621.68		基金吧
sh512360	MSCI国际	　1.215	+0.010	+0.830%	1.216	1.217	1.205	1.203	1.215	1.203	10,537	126.81		基金吧
sh512340	原料ETF	　0.740	+0.001	+0.135%	0.740	0.745	0.739	0.740	0.746	0.740	819	6.08		基金吧
sh512330	信息ETF	　1.094	+0.004	+0.367%	1.093	1.094	1.090	1.091	1.098	1.084	50,916	555.36		基金吧
sh512310	工业ETF	　0.528	-0.001	-0.189%	0.528	0.531	0.529	0.529	0.532	0.521	3,035	16.10		基金吧
sh512300	500医药	　1.480	+0.037	+2.564%	1.479	1.480	1.443	1.455	1.482	1.455	16,377	240.40		基金吧
sh512290	生物医药	　1.680	+0.030	+1.818%	1.678	1.679	1.650	1.650	1.683	1.640	643,037	10,743.04		基金吧
sh512280	景顺MSCI	　1.141	+0.007	+0.617%	1.141	1.142	1.134	1.135	1.142	1.134	75,060	855.25		基金吧
sh512270	300低波	　0.967	+0.004	+0.415%	0.967	0.968	0.963	0.962	0.969	0.962	22,137	213.31		基金吧
sh512260	500低波	　1.228	+0.002	+0.163%	1.228	1.229	1.226	1.240	1.240	1.223	108,027	1,324.09		基金吧
sh512220	景顺TMT	　1.588	+0.003	+0.189%	1.588	1.591	1.585	1.582	1.593	1.574	65,857	1,043.25		基金吧
sh512200	地产ETF	　0.844	0.000	0.000%	0.843	0.844	0.844	0.844	0.849	0.840	110,409	931.32		基金吧
sh512190	之江凤凰	　1.143	+0.020	+1.781%	1.123	1.150	1.123	1.129	1.144	1.129	2,451	27.70		基金吧
sh512180	建信MSCI	　1.133	+0.007	+0.622%	1.133	1.134	1.126	1.125	1.136	1.125	31,992	362.36		基金吧
sh512170	医疗ETF	　1.726	+0.017	+0.995%	1.725	1.726	1.709	1.709	1.730	1.700	534,119	9,186.97		基金吧
sh512160	MSCI基金	　1.205	+0.009	+0.753%	1.205	1.206	1.196	1.189	1.209	1.188	166,842	2,006.94		基金吧
sh512150	A50ETF	　1.368	+0.008	+0.588%	1.368	1.371	1.360	1.361	1.371	1.361	19,240	263.32		基金吧
sh512120	医药50	　1.940	+0.035	+1.837%	1.939	1.940	1.905	1.908	1.946	1.902	24,550	474.92		基金吧
sh512100	1000ETF	　0.797	+0.005	+0.631%	0.796	0.797	0.792	0.792	0.797	0.789	227,484	1,802.69		基金吧
sh512090	MSCI易基	　1.211	+0.009	+0.749%	1.211	1.212	1.202	1.204	1.213	1.202	185,590	2,242.45		基金吧
sh512070	非银ETF	　2.113	+0.009	+0.428%	2.113	2.114	2.104	2.097	2.126	2.097	51,196	1,083.53		基金吧
sh512040	国信价值	　1.204	+0.008	+0.669%	1.203	1.204	1.196	1.196	1.205	1.196	35,509	427.15		基金吧
sh512010	医药ETF	　2.242	+0.040	+1.817%	2.239	2.240	2.202	2.202	2.244	2.202	151,588	3,380.72		基金吧
sh512000	券商ETF	　0.899	+0.010	+1.125%	0.898	0.899	0.889	0.891	0.906	0.888	6,423,763	57,713.38		基金吧
sh511990	华宝添益	　99.998	-0.004	-0.004%	99.997	99.998	100.002	100.000	100.002	99.997	777,166	777,156.97		基金吧
sh511980	现金添富	　99.998	0.000	0.000%	99.995	99.999	99.998	99.996	99.999	99.993	261	261.06		基金吧
sh511970	国寿货币	　100.000	0.000	0.000%	0.000	100.000	100.000	0.000	0.000	0.000	0	0.00		基金吧
sh511960	嘉实快线	　100.000	0.000	0.000%	99.972	99.999	100.000	0.000	0.000	0.000	0	0.00		基金吧
sh511950	广发添利	　100.250	0.000	0.000%	0.000	100.880	100.250	0.000	0.000	0.000	0	0.00		基金吧
sh511930	中融日盈	　99.998	0.000	0.000%	0.000	99.999	99.998	0.000	0.000	0.000	0	0.00		基金吧
sh511920	广发货币	　99.996	+0.007	+0.007%	99.994	100.019	99.989	99.984	99.996	99.984	4	4.02		基金吧
sh511910	融通货币	　100.000	0.000	0.000%	99.972	100.000	100.000	100.000	100.000	100.000	1	1.00		基金吧
sh511900	富国货币	　99.998	+0.001	+0.001%	99.996	99.998	99.997	99.996	99.999	99.994	771	771.42		基金吧
sh511880	银华日利	　101.011	+0.002	+0.002%	101.010	101.011	101.009	101.010	101.013	101.008	649,731	656,299.89		基金吧
sh511860	博时货币	　99.997	+0.003	+0.003%	99.996	99.999	99.994	99.992	100.003	99.992	274	274.37		基金吧
sh511850	财富宝E	　99.997	+0.002	+0.002%	99.996	99.997	99.995	99.993	99.997	99.992	2,330	2,329.91		基金吧
sh511830	华泰货币	　99.997	+0.002	+0.002%	99.994	99.997	99.995	99.995	99.997	99.994	14	14.29		基金吧
sh511820	鹏华添利	　99.998	0.000	0.000%	99.998	100.015	99.998	99.990	99.998	99.990	6	6.09		基金吧
sh511810	理财金H	　100.009	+0.010	+0.010%	100.007	100.009	99.999	99.998	100.010	99.998	21,356	21,356.56		基金吧
sh511800	易货币	　100.004	-0.002	-0.002%	100.004	100.005	100.006	100.002	100.009	99.999	1,273	1,273.50		基金吧
sh511770	金鹰增益	　99.987	0.000	0.000%	0.000	100.011	99.987	0.000	0.000	0.000	0	0.00		基金吧
sh511700	场内货币	　99.999	0.000	0.000%	99.999	100.000	99.999	99.998	100.000	99.997	826	825.71		基金吧
sh511690	交易货币	　100.001	+0.002	+0.002%	100.000	100.001	99.999	99.999	100.002	99.996	4,460	4,460.21		基金吧
sh511670	华泰天金	　99.999	+0.001	+0.001%	99.996	99.999	99.998	99.994	99.999	99.994	145	145.09		基金吧
sh511660	建信添益	　100.000	-0.001	-0.001%	99.998	100.000	100.001	100.000	100.003	99.997	83,153	83,151.93		基金吧
sh511650	华夏快线	　100.006	+0.007	+0.007%	99.998	100.006	99.999	99.996	100.006	99.995	113	113.00		基金吧
sh511620	货币基金	　99.993	+0.003	+0.003%	99.993	99.996	99.990	99.971	99.997	99.951	29	28.98		基金吧
sh511600	货币ETF	　99.999	+0.004	+0.004%	99.995	100.000	99.995	99.992	100.000	99.992	341	340.99		基金吧
sh511380	转债ETF	　9.719	-0.003	-0.031%	9.719	9.720	9.722	9.724	9.732	9.717	22,849	2,221.21		基金吧
sh511310	十年债	　113.990	-4.898	-4.120%	113.165	118.666	118.888	113.000	113.990	113.000	4	4.78		基金吧
sh511290	国债十年	　107.288	-0.400	-0.371%	105.800	107.000	107.688	106.050	107.288	105.809	4	4.47		基金吧
sh511280	中期信用	　107.546	0.000	0.000%	0.000	108.150	107.546	0.000	0.000	0.000	0	0.00		基金吧
sh511270	10年地债	　107.480	-0.070	-0.065%	107.480	107.550	107.550	107.549	107.550	107.350	4,043	4,345.61		基金吧
sh511260	十年国债	　111.761	-0.020	-0.018%	111.761	111.767	111.781	111.830	111.952	111.752	7,346	8,218.75		基金吧
sh511230	周期债	　98.000	0.000	0.000%	0.000	0.000	98.000	0.000	0.000	0.000	0	0.00		基金吧
sh511220	城投ETF	　97.970	+0.069	+0.070%	97.970	97.988	97.901	97.901	98.048	97.900	189	185.12		基金吧
sh511060	5年地债	　102.200	0.000	0.000%	102.150	102.190	102.200	102.240	102.240	102.200	4,519	4,618.42		基金吧
sh511030	公司债	　104.050	+0.149	+0.143%	104.001	104.049	103.901	104.001	104.301	104.001	72	74.91		基金吧
sh511020	活跃国债	　104.920	-0.179	-0.170%	104.900	104.990	105.099	104.799	104.999	104.799	31	32.61		基金吧
sh511010	国债ETF	　122.959	+0.070	+0.057%	122.952	122.985	122.889	122.877	123.260	122.877	10,090	12,419.59		基金吧
sh510900	H股ETF	　1.182	+0.015	+1.285%	1.181	1.182	1.167	1.170	1.185	1.167	8,517,759	100,434.92		基金吧
sh510890	红利低波	　0.962	+0.004	+0.418%	0.958	0.962	0.958	0.959	0.963	0.959	176	1.69		基金吧
sh510880	红利ETF	　2.460	+0.006	+0.244%	2.460	2.461	2.454	2.454	2.462	2.454	93,540	2,299.86		基金吧
sh510850	工银上50	　2.960	+0.016	+0.543%	2.958	2.960	2.944	2.944	2.966	2.941	331,061	9,791.92		基金吧
sh510810	上海国企	　0.831	+0.003	+0.362%	0.831	0.832	0.828	0.830	0.833	0.828	462,497	3,841.28		基金吧
sh510800	上证50	　1.119	+0.005	+0.449%	1.119	1.121	1.114	1.115	1.121	1.112	36,357	406.69		基金吧
sh510710	上50ETF	　3.354	+0.026	+0.781%	3.354	3.355	3.328	3.329	3.358	3.329	84,339	2,823.59		基金吧
sh510680	万家50	　2.567	-0.012	-0.465%	2.576	2.577	2.579	2.579	2.599	2.555	312	8.02		基金吧
sh510660	医药行业	　2.438	+0.055	+2.308%	2.435	2.436	2.383	2.403	2.438	2.403	11,740	284.71		基金吧
sh510650	金融行业	　1.836	+0.002	+0.109%	1.835	1.836	1.834	1.832	1.841	1.832	1,373	25.22		基金吧
sh510630	消费行业	　3.684	+0.051	+1.404%	3.688	3.689	3.633	3.633	3.690	3.630	33,968	1,245.83		基金吧
sh510600	沪50ETF	　3.152	+0.018	+0.574%	3.152	3.156	3.134	3.134	3.158	3.133	13,563	426.89		基金吧
sh510590	平安500	　5.783	+0.040	+0.697%	5.765	5.783	5.743	5.742	5.787	5.725	20,289	1,169.44		基金吧
sh510580	ZZ500ETF	　5.859	+0.030	+0.515%	5.856	5.862	5.829	5.829	5.874	5.813	34,390	2,009.85		基金吧
sh510560	国寿500	　1.203	+0.008	+0.669%	1.203	1.206	1.195	1.202	1.207	1.202	190	2.29		基金吧
sh510550	方正500	　1.345	-0.001	-0.074%	1.345	1.352	1.346	1.338	1.352	1.338	17,723	238.87		基金吧
sh510530	工银500	　5.599	+0.030	+0.539%	5.592	5.599	5.569	5.573	5.610	5.543	71,202	3,978.30		基金吧
sh510510	广发500	　1.612	+0.010	+0.624%	1.611	1.612	1.602	1.602	1.615	1.602	332,421	5,344.46		基金吧
sh510500	500ETF	　6.093	+0.036	+0.594%	6.093	6.094	6.057	6.058	6.110	6.042	1,166,062	70,922.89		基金吧
sh510440	500沪市	　1.657	+0.038	+2.347%	1.646	1.656	1.619	1.624	1.657	1.623	662	10.83		基金吧
sh510430	50等权	　1.510	-0.020	-1.307%	1.511	1.533	1.530	1.477	1.541	1.477	75	1.13		基金吧
sh510410	资源ETF	　0.555	0.000	0.000%	0.555	0.556	0.555	0.555	0.556	0.553	237,108	1,316.66		基金吧
sh510390	平安300	　4.189	+0.021	+0.504%	4.190	4.197	4.168	4.168	4.197	4.166	49,345	2,065.44		基金吧
sh510380	国寿300	　1.043	+0.007	+0.676%	1.042	1.045	1.036	1.042	1.043	1.042	229	2.39		基金吧
sh510360	广发300	　1.334	+0.009	+0.679%	1.332	1.333	1.325	1.324	1.335	1.320	179,424	2,390.35		基金吧
sh510350	工银300	　4.030	+0.021	+0.524%	4.028	4.032	4.009	4.004	4.040	4.004	216,128	8,696.19		基金吧
sh510330	华夏300	　4.054	+0.020	+0.496%	4.053	4.055	4.034	4.031	4.062	4.025	1,074,281	43,479.25		基金吧
sh510310	HS300ETF	　1.799	+0.008	+0.447%	1.801	1.802	1.791	1.791	1.804	1.788	1,120,150	20,129.13		基金吧
sh510300	300ETF	　4.049	+0.027	+0.671%	4.049	4.050	4.022	4.024	4.050	4.013	2,944,925	118,939.75		基金吧
sh510290	380ETF	　1.584	+0.004	+0.253%	1.561	1.592	1.580	1.579	1.591	1.579	3,635	57.46		基金吧
sh510270	国企ETF	　1.076	-0.004	-0.370%	1.078	1.086	1.080	1.076	1.086	1.074	1,105	11.94		基金吧
sh510230	金融ETF	　5.107	+0.020	+0.393%	5.105	5.107	5.087	5.090	5.115	5.081	50,352	2,567.57		基金吧
sh510220	中小ETF	　4.280	+0.032	+0.753%	4.268	4.280	4.248	4.248	4.280	4.248	306	13.06		基金吧
sh510210	综指ETF	　3.940	+0.016	+0.408%	3.936	3.940	3.924	3.923	3.942	3.920	6,027	237.33		基金吧
sh510200	上证券商	　0.990	+0.007	+0.712%	0.990	0.993	0.983	0.986	0.999	0.983	26,614	264.45		基金吧
sh510190	龙头ETF	　3.492	+0.011	+0.316%	3.483	3.499	3.481	3.484	3.500	3.474	555	19.36		基金吧
sh510180	180ETF	　3.409	+0.021	+0.620%	3.408	3.410	3.388	3.397	3.414	3.383	206,911	7,039.69		基金吧
sh510170	商品ETF	　1.655	-0.005	-0.301%	1.655	1.662	1.660	1.666	1.666	1.650	1,136	18.78		基金吧
sh510160	小康ETF	　0.536	+0.001	+0.187%	0.532	0.536	0.535	0.535	0.539	0.535	5,410	29.12	
sh510150	消费ETF	　6.413	+0.138	+2.199%	6.430	6.440	6.275	6.896	6.896	6.278	27,236	1,746.84		基金吧
sh510130	中盘ETF	　3.978	-0.018	-0.450%	4.006	4.038	3.996	3.990	4.042	3.978	197	7.88		基金吧
sh510120	非周ETF	　3.270	0.000	0.000%	3.271	3.313	3.270	0.000	0.000	0.000	0	0.00		基金吧
sh510110	周期ETF	　3.564	+0.004	+0.112%	3.564	3.568	3.560	3.565	3.565	3.550	450	16.02		基金吧
sh510100	SZ50ETF	　1.051	+0.006	+0.574%	1.051	1.052	1.045	1.045	1.052	1.042	68,102	714.96		基金吧
sh510090	责任ETF	　1.848	+0.015	+0.818%	1.833	1.848	1.833	1.838	1.850	1.837	407	7.49		基金吧
sh510070	民企ETF	　2.046	+0.021	+1.037%	2.028	2.046	2.025	2.035	2.046	2.035	12	0.24		基金吧
sh510060	央企ETF	　1.725	+0.004	+0.232%	1.722	1.725	1.721	1.722	1.728	1.721	1,377	23.74		基金吧
sh510050	50ETF	　2.923	+0.018	+0.620%	2.922	2.923	2.905	2.908	2.926	2.902	2,348,825	68,571.75		基金吧
sh510030	价值ETF	　5.236	+0.011	+0.211%	5.240	5.250	5.225	5.225	5.247	5.225	2,568	134.62		基金吧
sh510020	超大ETF	　2.880	-0.037	-1.268%	2.880	2.941	2.917	2.929	2.941	2.880	511	14.92		基金吧
sh510010	治理ETF	　1.122	+0.004	+0.358%	1.122	1.132	1.118	1.127	1.131	1.122	1,182	13.34		基金吧
sz169201	浙商鼎盈	　1.105	-0.004	-0.361%	1.095	1.196	1.109	1.092	1.108	1.092	231	2.56		基金吧
sz169106	东证创优	　1.026	+0.002	+0.195%	1.025	1.026	1.024	1.023	1.026	1.023	12,221	125.23		基金吧
sz169105	东证睿华	　1.549	+0.004	+0.259%	1.549	1.550	1.545	1.542	1.554	1.542	12,469	193.16		基金吧
sz169104	东证睿满	　1.625	+0.007	+0.433%	1.617	1.628	1.618	1.659	1.659	1.620	597	9.72		基金吧
sz169103	东证睿轩	　1.408	+0.020	+1.441%	1.401	1.408	1.388	1.383	1.411	1.383	540	7.59		基金吧
sz169102	东证睿阳	　1.262	+0.013	+1.041%	1.257	1.264	1.249	1.255	1.265	1.255	2,362	29.73		基金吧
sz169101	东证睿丰	　1.658	+0.014	+0.852%	1.656	1.657	1.644	1.648	1.663	1.645	13,064	216.70		基金吧
sz168701	金融科技	　1.031	+0.007	+0.684%	1.029	1.032	1.024	1.024	1.032	1.016	42,838	441.07		基金吧
sz168401	红土精选	　1.420	+0.029	+2.085%	1.393	1.420	1.391	1.415	1.420	1.415	69	0.98		基金吧
sz168301	东海祥龙	　1.245	+0.013	+1.055%	1.228	1.254	1.232	1.242	1.245	1.237	412	5.12		基金吧
sz168108	九泰锐诚	　1.336	0.000	0.000%	1.330	1.391	1.336	1.336	1.336	1.336	0	0.00		基金吧
sz168106	盈华A	　--	0.000	0.000%	1.066	1.078	1.053	0.000	0.000	0.000	0	0.00		基金吧
sz168104	九泰锐丰	　1.384	+0.020	+1.466%	1.379	1.386	1.364	1.384	1.384	1.384	20	0.28		基金吧
sz168002	国寿精选	　1.529	-0.001	-0.065%	1.430	1.538	1.530	1.529	1.529	1.529	12	0.18		基金吧
sz167508	安信价值	　0.975	-0.009	-0.915%	0.973	0.975	0.984	0.983	0.983	0.971	11,812	115.25		基金吧
sz167506	深圳科技	　1.183	+0.004	+0.339%	1.177	1.188	1.179	1.174	1.190	1.174	2,924	34.70		基金吧
sz167302	湾区LOF	　1.014	+0.012	+1.198%	0.967	1.014	1.002	0.967	1.014	0.967	497	5.03		基金吧
sz167003	平安鼎弘	　1.078	+0.008	+0.748%	1.036	1.078	1.070	1.070	1.078	1.070	10	0.11		基金吧
sz167002	平安鼎越	　1.360	-0.100	-6.849%	1.356	1.360	1.460	1.430	1.510	1.360	515	7.59		基金吧
sz167001	平安鼎泰	　0.936	+0.007	+0.753%	0.930	0.940	0.929	0.938	0.942	0.927	1,973	18.47		基金吧
sz166902	民生增利	　1.018	0.000	0.000%	1.017	1.022	1.018	1.022	1.022	1.018	236	2.40		基金吧
sz166802	浙商300	　--	0.000	0.000%	0.000	0.000	1.000	0.000	0.000	0.000	0	0.00		基金吧
sz166402	沪港深F	　1.000	0.000	0.000%	0.988	1.002	1.000	1.000	1.000	1.000	0	0.00		基金吧
sz166107	多因子A	　1.130	+0.005	+0.444%	1.130	1.158	1.125	1.130	1.130	1.130	200	2.26		基金吧
sz166025	中欧远见	　1.255	+0.009	+0.722%	1.254	1.255	1.246	1.245	1.264	1.245	12,800	160.13		基金吧
sz166024	中欧恒利	　0.925	+0.011	+1.204%	0.923	0.925	0.914	0.918	0.925	0.916	21,123	194.21		基金吧
sz166016	中欧纯债	　1.258	0.000	0.000%	1.225	1.243	1.258	1.258	1.258	1.258	0	0.00		基金吧
sz166011	中欧盛世	　1.762	-0.035	-1.948%	1.782	1.834	1.797	1.751	1.762	1.748	61	1.07		基金吧
sz166009	中欧动力	　2.448	+0.008	+0.328%	2.427	2.448	2.440	2.440	2.448	2.440	44	1.07		基金吧
sz166008	中欧强债	　1.076	+0.005	+0.467%	1.068	1.076	1.071	1.071	1.076	1.071	16	0.17		基金吧
sz166006	中欧成长	　1.761	+0.015	+0.859%	1.760	1.761	1.746	1.742	1.761	1.742	4,845	85.01		基金吧
sz166001	中欧趋势	　1.380	+0.009	+0.656%	1.379	1.380	1.371	1.371	1.385	1.371	1,932	26.63		基金吧
sz165528	信诚鼎利	　0.975	+0.004	+0.412%	0.975	0.978	0.971	0.978	0.978	0.974	433	4.23		基金吧
sz165526	信诚新旺	　--	0.000	0.000%	0.000	0.000	1.000	0.000	0.000	0.000	0	0.00		基金吧
sz165525	基建工程	　0.663	+0.002	+0.303%	0.662	0.663	0.661	0.661	0.663	0.658	305,160	2,016.20		基金吧
sz165517	信诚双盈	　--	0.000	0.000%	0.853	0.870	0.855	0.000	0.000	0.000	0	0.00		基金吧
sz165516	信诚周期	　2.842	-0.010	-0.351%	2.662	2.887	2.852	2.852	2.852	2.842	124	3.53		基金吧
sz165513	信诚商品	　0.282	+0.002	+0.714%	0.281	0.282	0.280	0.279	0.283	0.279	1,093,340	3,071.98		基金吧
sz165512	信诚机遇	　1.817	-0.006	-0.329%	1.760	1.816	1.823	1.822	1.822	1.748	56	1.01		基金吧
sz165510	信诚四国	　0.718	+0.006	+0.843%	0.718	0.721	0.712	0.712	0.721	0.712	872	6.26		基金吧
sz165509	信诚增强	　1.109	0.000	0.000%	1.095	1.109	1.109	1.109	1.109	1.109	0	0.00		基金吧
sz165508	信诚深度	　--	0.000	0.000%	1.817	1.840	1.790	0.000	0.000	0.000	0	0.00		基金吧
sz165317	建信丰裕	　1.575	+0.036	+2.339%	1.559	1.579	1.539	1.549	1.575	1.546	237	3.68		基金吧
sz165313	建信优势	　1.903	+0.015	+0.794%	1.903	1.947	1.888	1.876	1.906	1.876	2,113	39.96		基金吧
sz165310	300增强	　--	0.000	0.000%	0.000	0.000	1.000	0.000	0.000	0.000	0	0.00		基金吧
sz165309	建信300	　1.289	+0.005	+0.389%	1.295	1.300	1.284	1.287	1.295	1.287	478	6.17		基金吧
sz164908	环境治理	　--	0.000	0.000%	0.000	0.000	1.000	0.000	0.000	0.000	0	0.00		基金吧
sz164906	中国互联	　1.596	-0.003	-0.188%	1.596	1.597	1.599	1.599	1.602	1.594	35,617	568.89		基金吧
sz164902	交银添利	　1.161	0.000	0.000%	1.162	1.164	1.161	1.161	1.161	1.161	0	0.00		基金吧
sz164824	印度基金	　0.864	-0.006	-0.690%	0.864	0.865	0.870	0.856	0.871	0.847	91,273	785.07		基金吧
sz164814	工银双债	　1.127	0.000	0.000%	1.109	1.125	1.127	1.127	1.127	1.127	0	0.00		基金吧
sz164811	京津冀	　--	0.000	0.000%	0.000	0.000	1.000	0.000	0.000	0.000	0	0.00		基金吧
sz164810	工银纯债	　1.026	0.000	0.000%	1.020	1.026	1.026	1.026	1.026	1.026	0	0.00		基金吧
sz164702	添富季红	　--	0.000	0.000%	1.050	1.064	1.060	0.000	0.000	0.000	0	0.00		基金吧
sz164701	添富贵金	　0.802	+0.003	+0.375%	0.797	0.802	0.799	0.798	0.802	0.795	532	4.24		基金吧
sz164606	信用增利	　1.150	0.000	0.000%	1.118	1.224	1.150	1.150	1.150	1.150	0	0.00		基金吧
sz164509	国富恒利	　--	0.000	0.000%	1.014	1.022	1.023	0.000	0.000	0.000	0	0.00		基金吧
sz164508	国富100	　1.121	+0.009	+0.809%	1.120	1.149	1.112	1.112	1.121	1.112	99	1.10		基金吧
sz164403	农业精选	　1.403	+0.006	+0.429%	1.403	1.408	1.397	1.400	1.413	1.394	3,810	53.51		基金吧
sz163907	中海惠裕	　--	0.000	0.000%	0.805	0.815	0.817	0.000	0.000	0.000	0	0.00		基金吧
sz163824	中银盛利	　1.033	-0.001	-0.097%	1.029	1.033	1.034	1.039	1.039	1.030	1,179	12.19		基金吧
sz163821	中银300E	　1.629	+0.084	+5.437%	1.550	1.619	1.545	1.543	1.630	1.393	929	13.33		基金吧
sz163801	中银中国	　1.670	+0.018	+1.090%	1.670	1.674	1.652	1.662	1.675	1.653	1,220	20.35		基金吧
sz163503	天治核心	　0.558	+0.007	+1.270%	0.553	0.558	0.551	0.556	0.558	0.551	2,850	15.83		基金吧
sz163417	兴全合宜	　1.305	+0.012	+0.928%	1.304	1.305	1.293	1.296	1.305	1.293	325,866	4,239.28		基金吧
sz163415	兴全模式	　2.629	+0.020	+0.767%	2.628	2.629	2.609	2.610	2.632	2.592	17,654	463.07		基金吧
sz163412	兴全轻资	　4.172	+0.012	+0.288%	4.172	4.174	4.160	4.153	4.175	4.153	8,032	334.90		基金吧
sz163409	兴全绿色	　2.214	+0.019	+0.866%	2.191	2.214	2.195	2.171	2.214	2.171	515	11.26		基金吧
sz163407	兴全300	　2.083	+0.019	+0.921%	2.082	2.084	2.064	2.074	2.083	2.066	6,218	129.21		基金吧
sz163402	兴全趋势	　0.827	+0.004	+0.486%	0.826	0.827	0.823	0.825	0.827	0.821	367,917	3,035.66		基金吧
sz163302	大摩资源	　1.370	0.000	0.000%	1.314	1.369	1.370	1.354	1.378	1.353	0	0.00		基金吧
sz163209	诺安创业	　--	0.000	0.000%	0.000	0.000	1.000	0.000	0.000	0.000	0	0.00		基金吧
sz163208	诺安油气	　0.576	+0.033	+6.077%	0.575	0.576	0.543	0.557	0.577	0.557	617,924	3,505.96		基金吧
sz163111	申万中小	　1.147	+0.008	+0.702%	1.146	1.147	1.139	1.135	1.147	1.135	198	2.26		基金吧
sz163110	申万量化	　1.700	+0.002	+0.118%	1.689	1.725	1.698	1.682	1.700	1.682	229	3.88		基金吧
sz163005	长信利众	　0.940	-0.005	-0.529%	0.938	0.959	0.945	0.940	0.969	0.939	291	2.74		基金吧
sz163001	长信医疗	　1.626	+0.031	+1.944%	1.626	1.635	1.595	1.600	1.638	1.600	1,061	17.29		基金吧
sz162719	广发石油	　0.936	+0.064	+7.339%	0.936	0.937	0.872	0.906	0.938	0.906	876,424	8,090.70		基金吧
sz162717	再融资	　--	0.000	0.000%	1.188	1.202	1.185	0.000	0.000	0.000	0	0.00		基金吧
sz162715	广发聚源	　--	0.000	0.000%	1.081	1.173	1.100	0.000	0.000	0.000	0	0.00		基金吧
sz162714	深100基	　--	0.000	0.000%	0.000	0.000	1.000	0.000	0.000	0.000	0	0.00		基金吧
sz162711	广发500L	　1.215	-0.002	-0.164%	1.215	1.222	1.217	1.225	1.225	1.213	614	7.48		基金吧
sz162703	广发小盘	　2.682	+0.020	+0.751%	2.682	2.683	2.662	2.663	2.686	2.646	144,235	3,857.98		基金吧
sz162607	景顺资源	　0.591	-0.001	-0.169%	0.591	0.592	0.592	0.592	0.593	0.590	3,079	18.19		基金吧
sz162605	景顺鼎益	　2.006	+0.012	+0.602%	2.006	2.008	1.994	1.995	2.010	1.985	17,589	352.86		基金吧
sz162510	国安双力	　0.963	0.000	0.000%	0.934	0.994	0.963	0.963	0.963	0.963	0	0.00		基金吧
sz162416	香港本地	　0.947	+0.017	+1.828%	0.897	0.947	0.930	0.917	0.947	0.917	519	4.88		基金吧
sz162415	美国消费	　1.771	+0.049	+2.846%	1.770	1.771	1.722	1.739	1.771	1.739	2,297	40.43		基金吧
sz162414	新机遇	　1.369	0.000	0.000%	1.360	1.369	1.369	1.368	1.369	1.368	200	2.74		基金吧
sz162411	华宝油气	　0.352	+0.032	+10.000%	0.352	0.000	0.320	0.352	0.352	0.349	6,864,752	24,126.28		基金吧
sz162307	海富100	　1.170	-0.035	-2.905%	1.170	1.177	1.205	1.197	1.198	1.170	123	1.47		基金吧
sz162216	泰达500	　1.075	+0.007	+0.655%	1.077	1.082	1.068	1.070	1.075	1.070	42	0.45		基金吧
sz162207	泰达效率	　1.720	0.000	0.000%	1.716	1.720	1.720	1.719	1.720	1.716	133	2.29		基金吧
sz162108	元盛债券	　1.133	-0.001	-0.088%	1.133	1.137	1.134	1.133	1.133	1.133	10	0.11		基金吧
sz162107	金鹰量化	　--	0.000	0.000%	0.000	0.000	1.000	0.000	0.000	0.000	0	0.00		基金吧
sz162006	长城久富	　1.732	+0.020	+1.168%	1.732	1.735	1.712	1.699	1.732	1.699	931	15.99		基金吧
sz161912	社会责任	　1.473	+0.006	+0.409%	1.473	1.474	1.467	1.469	1.480	1.461	17,014	250.77		基金吧
sz161907	万家红利	　1.628	-0.003	-0.184%	1.599	1.628	1.631	1.598	1.630	1.598	8	0.13		基金吧
sz161903	万家优选	　1.603	0.000	0.000%	1.603	1.604	1.603	1.601	1.609	1.595	72,772	1,167.11		基金吧
sz161837	银华大盘	　1.094	+0.007	+0.644%	1.094	1.096	1.087	1.089	1.098	1.089	5,670	61.96		基金吧
sz161834	银华鑫锐	　1.043	+0.011	+1.066%	1.040	1.044	1.032	1.035	1.045	1.035	24,280	253.08		基金吧
sz161831	恒生中企	　0.938	+0.009	+0.969%	0.935	0.937	0.929	0.932	0.940	0.932	3,059	28.66		基金吧
sz161823	银华永兴	　1.157	-0.002	-0.173%	1.153	1.158	1.159	1.156	1.158	1.154	277	3.20		基金吧
sz161820	银华纯债	　1.122	0.000	0.000%	1.119	1.122	1.122	1.117	1.122	1.117	108	1.21		基金吧
sz161815	银华通胀	　0.411	0.000	0.000%	0.410	0.411	0.411	0.408	0.411	0.407	62,350	254.89		基金吧
sz161810	银华内需	　2.727	0.000	0.000%	2.726	2.727	2.727	2.736	2.736	2.717	22,266	606.60		基金吧
sz161728	招商配售	　1.047	+0.001	+0.096%	1.047	1.048	1.046	1.045	1.048	1.045	136,128	1,425.21		基金吧
sz161727	招商增荣	　1.387	-0.009	-0.645%	1.337	1.396	1.396	1.380	1.398	1.380	50	0.69		基金吧
sz161722	招商丰泰	　1.156	+0.028	+2.482%	1.149	1.164	1.128	1.148	1.156	1.148	27	0.32		基金吧
sz161716	招商双债	　1.311	0.000	0.000%	1.310	1.311	1.311	1.310	1.311	1.310	54,501	714.21		基金吧
sz161715	大宗商品	　0.850	0.000	0.000%	0.850	0.852	0.850	0.846	0.854	0.846	588	4.99		基金吧
sz161714	招商金砖	　1.042	+0.002	+0.192%	1.041	1.045	1.040	1.040	1.042	1.039	226	2.35		基金吧
sz161706	招商成长	　2.196	0.000	0.000%	2.196	2.197	2.196	2.178	2.199	2.177	1,540	33.66		基金吧
sz161631	人工智能	　1.350	+0.005	+0.372%	1.347	1.350	1.345	1.346	1.353	1.340	12,906	173.67		基金吧
sz161610	融通领先	　1.452	+0.001	+0.069%	1.451	1.454	1.451	1.447	1.455	1.447	726	10.52		基金吧
sz161607	融通巨潮	　1.126	-0.001	-0.089%	1.125	1.133	1.127	1.133	1.133	1.126	3	0.03		基金吧
sz161233	国投瑞泰	　--	0.000	0.000%	1.184	1.197	1.182	0.000	0.000	0.000	0	0.00		基金吧
sz161232	国投瑞盛	　0.926	+0.006	+0.652%	0.924	0.932	0.920	0.954	0.954	0.921	261	2.42		基金吧
sz161229	国投中国	　1.393	-0.002	-0.143%	1.376	1.399	1.395	1.391	1.393	1.372	19	0.27		基金吧
sz161227	深证100	　1.175	+0.005	+0.427%	1.171	1.175	1.170	1.167	1.179	1.167	12,743	149.43		基金吧
sz161226	白银基金	　0.825	-0.005	-0.602%	0.825	0.826	0.830	0.830	0.832	0.823	405,721	3,354.37		基金吧
sz161225	国投瑞盈	　1.713	0.000	0.000%	1.707	1.733	1.713	1.695	1.713	1.695	0	0.00		基金吧
sz161224	国投丝路	　1.319	+0.010	+0.764%	1.309	1.319	1.309	1.311	1.319	1.311	936	12.34		基金吧
sz161222	国投瑞利	　1.553	+0.016	+1.041%	1.540	1.555	1.537	1.550	1.553	1.550	29	0.45		基金吧
sz161219	国投产业	　2.259	-0.003	-0.133%	2.259	2.267	2.262	2.262	2.285	2.244	583	13.16		基金吧
sz161217	国投资源	　0.614	+0.001	+0.163%	0.615	0.619	0.613	0.620	0.620	0.613	17	0.10		基金吧
sz161213	国投消费	　1.920	0.000	0.000%	1.852	1.953	1.920	1.920	1.920	1.920	1	0.02		基金吧
sz161132	易基科顺	　1.389	+0.014	+1.018%	1.387	1.390	1.375	1.404	1.404	1.379	154	2.12		基金吧
sz161131	易基配售	　1.039	+0.002	+0.193%	1.039	1.040	1.037	1.036	1.040	1.036	231,271	2,400.82		基金吧
sz161130	纳指LOF	　1.654	+0.011	+0.670%	1.654	1.655	1.643	1.653	1.655	1.651	10,491	173.44		基金吧
sz161129	原油基金	　0.711	+0.001	+0.141%	0.710	0.711	0.710	0.724	0.737	0.710	1,314,714	9,492.39		基金吧
sz161128	标普科技	　2.007	+0.014	+0.702%	2.006	2.007	1.993	2.002	2.010	1.997	26,540	531.58		基金吧
sz161127	标普生物	　1.537	+0.016	+1.052%	1.536	1.537	1.521	1.534	1.542	1.524	7,948	121.84		基金吧
sz161126	标普医药	　1.479	+0.016	+1.094%	1.477	1.479	1.463	1.480	1.480	1.472	6,464	95.50		基金吧
sz161125	标普500	　1.423	+0.017	+1.209%	1.422	1.423	1.406	1.420	1.424	1.411	32,201	456.97		基金吧
sz161124	香港小盘	　1.127	+0.003	+0.267%	1.128	1.134	1.124	1.126	1.127	1.126	88	1.00		基金吧
sz161119	易基综债	　1.422	0.000	0.000%	1.422	1.428	1.422	1.423	1.423	1.421	677	9.62		基金吧
sz161118	易基中小	　1.162	+0.008	+0.693%	1.162	1.164	1.154	1.156	1.165	1.152	2,051	23.77		基金吧
sz161116	易基黄金	　0.890	-0.008	-0.891%	0.890	0.892	0.898	0.898	0.900	0.890	6,139	54.79		基金吧
sz161039	富国1000	　1.380	+0.002	+0.145%	1.382	1.397	1.378	1.385	1.385	1.380	3	0.04		基金吧
sz161038	成长量化	　1.112	+0.050	+4.708%	1.060	1.088	1.062	1.112	1.112	1.112	1	0.01		基金吧
sz161037	高端制造	　1.523	+0.030	+2.009%	1.455	1.523	1.493	1.514	1.529	1.514	746	11.34		基金吧
sz161036	娱乐增强	　0.729	+0.018	+2.532%	0.711	0.732	0.711	0.728	0.732	0.725	325	2.37		基金吧
sz161035	医药增强	　1.710	+0.025	+1.484%	1.705	1.710	1.685	1.687	1.720	1.687	2,050	34.94		基金吧
sz161033	智能汽车	　1.446	+0.007	+0.486%	1.446	1.447	1.439	1.453	1.453	1.425	4,067	58.65		基金吧
sz161029	银行FG	　1.051	-0.021	-1.959%	1.050	1.069	1.072	1.050	1.051	1.049	234	2.46		基金吧
sz161017	富国500	　1.832	+0.012	+0.659%	1.831	1.832	1.820	1.820	1.832	1.819	33,280	608.29		基金吧
sz161014	富国汇利	　1.237	-0.002	-0.161%	1.236	1.237	1.239	1.239	1.243	1.237	1,057	13.09		基金吧
sz161005	富国天惠	　2.623	+0.008	+0.306%	2.623	2.624	2.615	2.613	2.637	2.589	34,639	908.99		基金吧
sz160925	中华300	　1.060	+0.019	+1.825%	1.005	1.060	1.041	1.060	1.060	1.060	110	1.17		基金吧
sz160924	恒指LOF	　0.960	+0.008	+0.840%	0.960	0.963	0.952	0.952	0.960	0.952	207	1.97		基金吧
sz160922	恒生中小	　0.986	+0.015	+1.545%	0.980	0.987	0.971	0.980	0.986	0.976	254	2.50		基金吧
sz160921	多策略	　1.293	+0.003	+0.233%	1.287	1.300	1.290	1.293	1.293	1.293	163	2.11		基金吧
sz160919	大成产业	　1.650	+0.006	+0.365%	1.648	1.653	1.644	1.640	1.650	1.628	605	9.93		基金吧
sz160918	大成小盘	　2.827	+0.024	+0.856%	2.821	2.827	2.803	2.798	2.830	2.789	1,082	30.44		基金吧
sz160916	优选LOF	　3.274	+0.014	+0.429%	3.271	3.275	3.260	3.255	3.279	3.255	733	23.93		基金吧
sz160910	大成创新	　1.040	+0.009	+0.873%	1.030	1.047	1.031	1.028	1.040	1.021	246	2.53		基金吧
sz160813	长盛同盛	　0.874	+0.014	+1.628%	0.874	0.879	0.860	0.869	0.875	0.869	2,252	19.64		基金吧
sz160812	长盛同益	　1.872	+0.003	+0.161%	1.875	1.878	1.869	1.869	1.876	1.856	2,939	54.97		基金吧
sz160807	长盛300	　1.357	+0.011	+0.817%	1.357	1.363	1.346	1.350	1.360	1.350	98	1.33		基金吧
sz160805	长盛同智	　0.944	+0.007	+0.747%	0.941	0.955	0.937	0.939	0.944	0.939	114	1.07		基金吧
sz160726	嘉实瑞享	　1.490	+0.016	+1.085%	1.489	1.490	1.474	1.477	1.490	1.474	36,338	538.60		基金吧
sz160723	嘉实原油	　0.724	+0.019	+2.695%	0.724	0.725	0.705	0.706	0.734	0.706	1,231,902	8,912.69		基金吧
sz160722	嘉实惠泽	　1.241	+0.001	+0.081%	1.197	1.256	1.240	1.240	1.241	1.240	27	0.34		基金吧
sz160720	中期企债	　1.170	0.000	0.000%	1.158	1.169	1.170	1.151	1.170	1.151	0	0.00		基金吧
sz160719	嘉实黄金	　0.931	-0.011	-1.168%	0.928	0.931	0.942	0.942	0.947	0.928	12,341	114.83		基金吧
sz160717	恒生H股	　0.806	+0.010	+1.256%	0.804	0.806	0.796	0.799	0.806	0.799	6,686	53.67		基金吧
sz160716	嘉实50A	　1.475	+0.006	+0.408%	1.474	1.475	1.469	1.477	1.477	1.468	2,577	37.93		基金吧
sz160706	嘉实300A	　1.131	+0.008	+0.712%	1.131	1.132	1.123	1.124	1.132	1.123	41,462	468.22		基金吧
sz160645	鹏华回报	　1.291	-0.005	-0.386%	1.285	1.291	1.296	1.298	1.303	1.285	8,180	105.30		基金吧
sz160644	互联网QD	　1.116	-0.012	-1.064%	1.093	1.117	1.128	1.120	1.120	1.096	53	0.59		基金吧
sz160643	空天一体	　0.915	-0.010	-1.081%	0.913	0.943	0.925	0.915	0.915	0.915	1	0.01		基金吧
sz160642	鹏华增瑞	　--	0.000	0.000%	1.237	1.255	1.243	0.000	0.000	0.000	0	0.00		基金吧
sz160635	医药基金	　1.275	+0.018	+1.432%	1.267	1.285	1.257	1.264	1.275	1.260	1,864	23.62		基金吧
sz160616	鹏华500	　1.290	+0.002	+0.155%	1.288	1.299	1.288	1.287	1.290	1.287	81	1.04		基金吧
sz160615	鹏华300	　1.765	+0.014	+0.800%	1.763	1.769	1.751	1.755	1.765	1.755	142	2.49		基金吧
sz160613	鹏华创新	　1.311	+0.017	+1.314%	1.302	1.323	1.294	1.304	1.311	1.304	30	0.40		基金吧
sz160611	鹏华治理	　1.210	+0.004	+0.332%	1.207	1.215	1.206	1.208	1.219	1.208	607	7.37		基金吧
sz160610	鹏华动力	　1.195	+0.006	+0.505%	1.191	1.195	1.189	1.180	1.195	1.178	11,724	138.44		基金吧
sz160607	鹏华价值	　0.954	+0.001	+0.105%	0.955	0.964	0.953	0.954	0.968	0.951	1,754	16.82		基金吧
sz160526	博时优势	　1.117	+0.011	+0.995%	1.104	1.117	1.106	1.106	1.119	1.101	480	5.31		基金吧
sz160522	博时睿益	　--	0.000	0.000%	1.079	1.219	1.159	0.000	0.000	0.000	0	0.00		基金吧
sz160520	弘盈A	　2.440	-0.166	-6.370%	2.439	2.440	2.606	2.500	2.603	2.430	1,966	49.14		基金吧
sz160519	博时睿利	　1.365	0.000	0.000%	1.289	1.378	1.365	1.365	1.365	1.365	0	0.00		基金吧
sz160518	博时睿远	　1.538	+0.028	+1.854%	1.528	1.537	1.510	1.519	1.539	1.518	1,541	23.52		基金吧
sz160515	安丰18	　1.060	0.000	0.000%	1.053	1.060	1.060	1.053	1.060	1.053	20	0.21		基金吧
sz160512	博时卓越	　2.306	+0.021	+0.919%	2.076	2.318	2.285	2.285	2.321	2.285	214	4.94		基金吧
sz160505	博时主题	　1.630	-0.001	-0.061%	1.629	1.630	1.631	1.628	1.630	1.623	21,200	345.13		基金吧
sz160421	华安智增	　1.405	-0.006	-0.425%	1.391	1.403	1.411	1.450	1.450	1.387	216	3.03		基金吧
sz160416	石油基金	　0.964	+0.031	+3.323%	0.964	0.965	0.933	0.952	0.965	0.952	804,071	7,715.45		基金吧
sz160415	华安量化	　1.306	-0.003	-0.229%	1.290	1.306	1.309	1.279	1.306	1.279	1,021	13.14		基金吧
sz160324	华夏磐晟	　1.385	+0.028	+2.063%	1.292	1.385	1.357	1.385	1.385	1.385	1	0.01		基金吧
sz160323	华夏磐泰	　1.188	-0.122	-9.313%	1.282	1.285	1.310	1.179	1.297	1.179	47	0.57		基金吧
sz160322	港股精选	　1.276	-0.004	-0.313%	1.210	1.270	1.280	1.273	1.280	1.273	43	0.55		基金吧
sz160314	华夏行业	　1.305	0.000	0.000%	1.300	1.305	1.305	1.304	1.308	1.294	3,606	47.04		基金吧
sz160311	华夏蓝筹	　1.690	0.000	0.000%	1.690	1.694	1.690	1.674	1.693	1.673	3,075	51.61		基金吧
sz160225	新汽车	　0.979	+0.004	+0.410%	0.978	0.979	0.975	0.976	0.985	0.974	9,575	93.77		基金吧
sz160223	创业板基	　1.016	+0.003	+0.296%	1.000	1.020	1.013	1.017	1.020	1.014	2,485	25.32		基金吧
sz160220	国泰民益	　1.434	-0.034	-2.316%	1.451	1.477	1.468	1.456	1.456	1.434	1,074	15.41		基金吧
sz160216	国泰商品	　0.244	+0.011	+4.721%	0.243	0.244	0.233	0.232	0.248	0.232	1,074,222	2,587.51		基金吧
sz160215	国泰价值	　1.835	-0.001	-0.054%	1.805	1.834	1.836	1.835	1.835	1.835	30	0.55		基金吧
sz160212	国泰估值	　2.743	+0.041	+1.517%	2.742	2.743	2.702	2.682	2.743	2.681	3,764	102.56		基金吧
sz160211	国泰小盘	　2.752	+0.007	+0.255%	2.750	2.766	2.745	2.716	2.768	2.716	1,609	44.32		基金吧
sz160142	南方配售	　1.057	+0.003	+0.285%	1.056	1.057	1.054	1.053	1.057	1.053	201,879	2,129.61		基金吧
sz160140	美国REIT	　1.087	+0.024	+2.258%	1.085	1.087	1.063	1.061	1.087	1.061	863	9.34		基金吧
sz160133	南方天元	　3.566	+0.018	+0.507%	3.565	3.566	3.548	3.549	3.579	3.535	2,984	106.15		基金吧
sz160131	南方聚利	　1.080	+0.025	+2.370%	1.015	1.080	1.055	1.035	1.090	1.035	12	0.13		基金吧
sz160130	南方永利	　1.170	-0.031	-2.581%	1.170	1.189	1.201	1.161	1.240	1.161	2,258	26.64		基金吧
sz160125	南方香港	　1.183	+0.018	+1.545%	1.180	1.183	1.165	1.180	1.183	1.178	4,478	52.89		基金吧
sz160119	南方500	　1.420	+0.010	+0.709%	1.418	1.419	1.410	1.410	1.420	1.409	43,710	618.53		基金吧
sz160106	南方高增	　1.522	+0.003	+0.197%	1.521	1.529	1.519	1.520	1.529	1.518	1,300	19.82		基金吧
sz160105	南方积配	　0.965	0.000	0.000%	0.955	0.965	0.965	0.956	0.965	0.956	258	2.49		基金吧
sh502056	医疗分级	　1.072	+0.003	+0.281%	1.073	1.080	1.069	1.071	1.081	1.071	1,364	14.66		基金吧
sh502053	券商分级	　0.874	-0.003	-0.342%	0.853	0.873	0.877	0.877	0.877	0.850	99	0.84		基金吧
sh502048	50分级	　0.970	+0.009	+0.937%	0.964	0.970	0.961	0.966	0.972	0.965	3,386	32.86		基金吧
sh502040	上50分级	　1.378	-0.037	-2.615%	1.316	1.370	1.415	1.410	1.410	1.378	29	0.40		基金吧
sh502036	互联金融	　0.860	+0.003	+0.350%	0.858	0.862	0.857	0.855	0.871	0.855	281	2.42		基金吧
sh502023	钢铁分级	　1.094	0.000	0.000%	1.077	1.094	1.094	0.000	0.000	0.000	0	0.00		基金吧
sh502020	50增强	　1.032	0.000	0.000%	1.031	1.037	1.032	1.029	1.032	1.029	58	0.60		基金吧
sh502013	一带一路	　1.081	+0.007	+0.652%	1.076	1.082	1.074	1.074	1.083	1.074	2,785	30.04		基金吧
sh502010	证券分级	　1.052	+0.009	+0.863%	1.035	1.052	1.043	1.034	1.055	1.034	7,847	82.40		基金吧
sh502006	国企改革	　1.089	+0.007	+0.647%	1.083	1.091	1.082	1.078	1.090	1.078	1,056	11.49		基金吧
sh502003	军工分级	　1.347	+0.014	+1.050%	1.333	1.349	1.333	1.333	1.347	1.333	161	2.17		基金吧
sh502000	500增强	　1.045	-0.028	-2.610%	1.005	1.045	1.073	1.044	1.045	1.044	9	0.09		基金吧
sh501311	新经济HK	　1.153	+0.015	+1.318%	1.128	1.148	1.138	1.153	1.153	1.153	81	0.93		基金吧
sh501310	价值基金	　0.866	+0.012	+1.405%	0.865	0.866	0.854	0.857	0.867	0.857	2,778	23.99		基金吧
sh501309	港股通	　1.034	+0.006	+0.584%	1.024	1.037	1.028	1.027	1.035	1.027	175	1.81		基金吧
sh501307	银河高股	　0.912	+0.017	+1.899%	0.863	0.939	0.895	0.920	0.920	0.912	12	0.11		基金吧
sh501306	港股高C	　0.898	-0.001	-0.111%	0.863	0.897	0.899	0.898	0.898	0.898	10	0.09		基金吧
sh501305	港股高息	　0.877	+0.011	+1.270%	0.871	0.877	0.866	0.866	0.877	0.866	114	1.00		基金吧
sh501303	恒生中型	　0.885	+0.015	+1.724%	0.884	0.899	0.870	0.885	0.885	0.885	1	0.01		基金吧
sh501302	恒生联接	　1.018	+0.012	+1.193%	1.014	1.018	1.006	1.006	1.018	1.003	1,006	10.16		基金吧
sh501301	香港大盘	　1.132	+0.012	+1.071%	1.123	1.134	1.120	1.120	1.133	1.120	3,426	38.67		基金吧
sh501300	美元债	　1.073	-0.001	-0.093%	1.073	1.075	1.074	1.072	1.073	1.072	2	0.02		基金吧
sh501189	嘉实配售	　1.030	+0.003	+0.292%	1.029	1.030	1.027	1.026	1.030	1.025	70,119	720.65		基金吧
sh501188	添富配售	　1.060	+0.002	+0.189%	1.059	1.060	1.058	1.056	1.060	1.056	105,047	1,111.30		基金吧
sh501186	华夏配售	　1.051	+0.001	+0.095%	1.050	1.051	1.050	1.050	1.051	1.048	62,835	659.56		基金吧
sh501106	十年国开	　1.217	0.000	0.000%	0.000	0.000	1.217	0.000	0.000	0.000	0	0.00		基金吧
sh501090	消费龙头	　1.057	+0.012	+1.148%	1.056	1.057	1.045	1.045	1.058	1.045	34,682	365.68		基金吧
sh501089	消费增强	　1.106	+0.016	+1.468%	1.095	1.106	1.090	1.090	1.106	1.087	811	8.91
sh501088	嘉实瑞虹	　1.007	0.000	0.000%	1.006	1.007	1.007	1.007	1.009	1.003	5,559	55.86		基金吧
sh501086	ESG基金	　1.120	+0.024	+2.190%	1.116	1.119	1.096	1.120	1.120	1.120	5	0.06		基金吧
sh501072	红利增强	　0.977	-0.016	-1.611%	0.933	0.986	0.993	0.993	0.993	0.977	82	0.80		基金吧
sh501070	广发睿阳	　1.532	-0.006	-0.390%	1.528	1.533	1.538	1.526	1.541	1.526	1,794	27.44		基金吧
sh501069	质量基金	　1.191	+0.012	+1.018%	1.188	1.192	1.179	1.183	1.191	1.183	99	1.17		基金吧
sh501068	AH50C	　1.205	0.000	0.000%	1.227	1.269	1.205	0.000	0.000	0.000	0	0.00		基金吧
sh501067	富时AH50	　1.236	+0.008	+0.651%	1.231	1.247	1.228	1.229	1.236	1.229	17	0.21		基金吧
sh501066	东证恒元	　1.374	+0.008	+0.586%	1.373	1.374	1.366	1.369	1.375	1.369	2,874	39.43		基金吧
sh501065	经典成长	　1.439	-0.004	-0.277%	1.439	1.444	1.443	1.454	1.454	1.435	1,280	18.46		基金吧
sh501063	添富悦享	　1.070	-0.001	-0.093%	1.068	1.070	1.071	1.070	1.070	1.067	14,913	159.38		基金吧
sh501062	南方瑞合	　1.004	+0.005	+0.501%	1.003	1.004	0.999	1.001	1.005	0.998	18,367	183.98		基金吧
sh501061	金选300C	　1.259	0.000	0.000%	1.268	1.273	1.259	0.000	0.000	0.000	0	0.00		基金吧
sh501060	金选300A	　1.276	+0.007	+0.552%	1.276	1.281	1.269	1.270	1.282	1.270	1,270	16.18		基金吧
sh501059	国企红利	　1.271	0.000	0.000%	1.267	1.318	1.271	1.271	1.271	1.271	25	0.32		基金吧
sh501058	新能车C	　1.120	+0.003	+0.269%	1.120	1.129	1.117	1.131	1.131	1.120	2,327	26.19		基金吧
sh501057	新能源车	　1.128	+0.011	+0.985%	1.128	1.129	1.117	1.120	1.135	1.120	31,222	352.37		基金吧
sh501054	东证睿泽	　1.172	+0.009	+0.774%	1.170	1.172	1.163	1.163	1.173	1.160	70,476	824.28		基金吧
sh501053	东证目优	　1.041	+0.003	+0.289%	1.040	1.041	1.038	1.039	1.041	1.039	708	7.37		基金吧
sh501051	圆信汇利	　1.266	0.000	0.000%	1.257	1.305	1.266	0.000	0.000	0.000	0	0.00		基金吧
sh501050	50AH	　1.332	+0.009	+0.680%	1.331	1.332	1.323	1.324	1.332	1.323	37,194	494.26		基金吧
sh501049	东证睿玺	　1.233	+0.013	+1.066%	1.232	1.233	1.220	1.223	1.233	1.223	11,830	145.27		基金吧
sh501048	证券C	　0.974	-0.006	-0.612%	0.961	0.975	0.980	0.951	0.979	0.951	708	6.88		基金吧
sh501047	全指证券	　0.989	+0.030	+3.128%	0.959	0.973	0.959	0.959	0.989	0.959	393	3.77		基金吧
sh501046	财通福鑫	　1.717	+0.009	+0.527%	1.717	1.718	1.708	1.712	1.722	1.708	8,934	153.20		基金吧
sh501045	沪深300C	　1.123	+0.008	+0.717%	1.120	1.123	1.115	1.117	1.123	1.117	3,065	34.30		基金吧
sh501043	沪深300A	　1.127	+0.006	+0.535%	1.125	1.127	1.121	1.122	1.129	1.122	2,672	30.08		基金吧
sh501040	添富睿C	　1.105	0.000	0.000%	1.086	1.158	1.105	0.000	0.000	0.000	0	0.00		基金吧
sh501039	添富睿丰	　1.113	0.000	0.000%	1.112	1.114	1.113	1.114	1.114	1.113	596	6.64		基金吧
sh501038	银华明择	　1.556	+0.004	+0.258%	1.555	1.556	1.552	1.552	1.556	1.546	9,917	153.81		基金吧
sh501037	中证500C	　0.899	+0.008	+0.898%	0.890	0.904	0.891	0.890	0.900	0.890	309	2.76		基金吧
sh501036	中证500A	　0.907	+0.005	+0.554%	0.900	0.907	0.902	0.900	0.907	0.900	583	5.26		基金吧
sh501032	财通福盛	　0.796	0.000	0.000%	0.811	0.825	0.796	0.000	0.000	0.000	0	0.00		基金吧
sh501031	环境C	　0.555	+0.002	+0.362%	0.555	0.556	0.553	0.554	0.555	0.553	130	0.72		基金吧
sh501030	环境治理	　0.555	-0.003	-0.538%	0.555	0.558	0.558	0.554	0.557	0.554	3,424	18.99		基金吧
sh501029	红利基金	　0.956	+0.003	+0.315%	0.955	0.956	0.953	0.952	0.956	0.951	66,541	634.69		基金吧
sh501028	财通福瑞	　1.112	+0.006	+0.542%	1.109	1.118	1.106	1.114	1.119	1.107	3,543	39.41		基金吧
sh501027	国泰融信	　1.044	-0.001	-0.096%	1.041	1.044	1.045	1.043	1.045	1.038	191	1.99		基金吧
sh501026	财通福享	　0.886	+0.022	+2.546%	0.880	0.886	0.864	0.883	0.886	0.882	3,977	35.13		基金吧
sh501025	香港银行	　0.972	-0.001	-0.103%	0.972	0.973	0.973	0.973	0.973	0.970	1,126	10.92		基金吧
sh501023	港中小企	　0.999	+0.012	+1.216%	0.988	0.999	0.987	0.996	0.999	0.990	428	4.27		基金吧
sh501022	银华鑫盛	　1.393	+0.002	+0.144%	1.379	1.393	1.391	1.391	1.393	1.380	964	13.30		基金吧
sh501021	香港中小	　1.468	+0.022	+1.521%	1.467	1.468	1.446	1.446	1.468	1.446	8,190	119.89		基金吧
sh501019	军工基金	　0.863	-0.001	-0.116%	0.860	0.864	0.864	0.861	0.871	0.856	1,318	11.34		基金吧
sh501018	南方原油	　0.694	+0.027	+4.048%	0.693	0.694	0.667	0.667	0.710	0.660	2,037,747	14,046.63		基金吧
sh501017	国泰融丰	　0.937	+0.002	+0.214%	0.931	0.937	0.935	0.935	0.938	0.935	1,000	9.37		基金吧
sh501016	券商基金	　0.993	+0.005	+0.506%	0.991	0.994	0.988	0.991	0.997	0.981	15,904	157.72		基金吧
sh501015	财通升级	　0.954	-0.009	-0.935%	0.954	0.959	0.963	0.963	0.963	0.947	7,845	74.68		基金吧
sh501012	中药C	　0.838	+0.009	+1.086%	0.837	0.838	0.829	0.830	0.843	0.829	1,161	9.68		基金吧
sh501011	中药基金	　0.845	+0.010	+1.198%	0.845	0.846	0.835	0.827	0.845	0.827	7,712	64.79		基金吧
sh501010	生物科C	　1.845	+0.010	+0.545%	1.845	1.869	1.835	1.845	1.848	1.845	248	4.58		基金吧
sh501009	生物科技	　1.846	+0.014	+0.764%	1.846	1.850	1.832	1.832	1.853	1.804	2,901	53.51		基金吧
sh501008	互联医C	　1.117	-0.048	-4.120%	1.117	1.122	1.165	1.097	1.120	1.097	670	7.38		基金吧
sh501007	互联医疗	　1.128	+0.008	+0.714%	1.101	1.128	1.120	1.119	1.128	1.119	2,865	32.10		基金吧
sh501005	精准医疗	　1.382	+0.014	+1.023%	1.383	1.385	1.368	1.367	1.394	1.359	1,837	25.22		基金吧
sh501001	财通精选	　1.433	+0.022	+1.559%	1.434	1.438	1.411	1.429	1.448	1.429	1,176	16.83		基金吧
sh501000	国金鑫新	　1.022	+0.004	+0.393%	1.020	1.028	1.018	1.022	1.022	1.021	555	5.67		基金吧
150027	天弘添利分级债券B	1.4520	　1.446	0.146	+11.231%	1.3000	1.4450	24649	356.37		股吧
150284	申万菱信中证申万医药生物指数分级B	1.2869	　1.287	0.104	+8.791%	1.1830	1.2010	4613	59.74		股吧
502025	鹏华钢铁分级B	1.1730	　1.191	0.062	+5.492%	1.1290	1.1970	10	0.12		股吧
150324	工银中证环保产业指数分级B	0.4829	　0.656	0.028	+4.459%	0.6280	0.6280	21	0.12		股吧
150149	信诚中证800医药指数分级B	1.1290	　1.015	0.040	+4.103%	0.9750	0.9880	20114	201.79		股吧
150139	银华中证800等权指数增强分级B	0.7480	　0.748	0.029	+4.033%	0.7190	0.7190	449	3.26		股吧
150308	富国中证体育产业指数分级B	1.0110	　1.010	0.035	+3.590%	0.9750	0.9830	530	5.49		股吧
150168	银华沪深300指数分级B	1.0260	　1.025	0.032	+3.223%	0.9930	1.0200	944	9.66		股吧
150258	易方达生物科技指数分级B	1.2434	　1.240	0.035	+2.905%	1.2050	1.2280	1099	13.62		股吧
150107	易方达中小板指数分级进取	0.7122	　0.722	0.020	+2.849%	0.7020	0.7050	443988	3161.89		股吧
150170	汇添富恒生指数分级(QDII)B	1.1690	　1.160	0.030	+2.655%	1.1300	1.1420	1126	13.03		股吧
150304	华安创业板50指数分级B	0.9939	　1.005	0.025	+2.551%	0.9800	0.9830	18567	185.88		股吧
150274	鹏华一带一路分级B	1.1190	　1.088	0.027	+2.545%	1.0610	1.0880	2	0.02		股吧
150131	国泰国证医药卫生行业指数分级B	1.2568	　1.273	0.031	+2.496%	1.2420	1.2420	87968	1113.28		股吧
150204	鹏华传媒分级B	1.0970	　1.120	0.027	+2.470%	1.0930	1.0910	1383	15.27		股吧
150176	银华恒生国企指数分级(QDII)B	0.8498	　0.847	0.020	+2.418%	0.8270	0.8320	146175	1234.74		股吧
150050	南方新兴消费进取	1.3570	　1.485	0.035	+2.414%	1.4500	1.4490	876	12.74		股吧
150220	前海开源健康分级B	1.5440	　1.378	0.031	+2.301%	1.3470	1.3570	39543	541.37		股吧
150261	华宝中证医疗指数分级A	1.0267	　1.060	0.022	+2.119%	1.0380	1.0370	7633	79.23		股吧
150056	工银瑞信睿智B	1.0000	　1.198	0.024	+2.044%	1.1740	1.0630	1219	14.37		股吧
150302	华安中证全指证券公司指数分级B	0.8203	　0.858	0.017	+2.021%	0.8410	0.8490	657	5.58		股吧
150328	工银中证新能源指数分级B	0.7978	　0.819	0.016	+1.993%	0.8030	0.8090	103	0.84		股吧
150084	广发深证100指数分级B	1.4876	　1.474	0.027	+1.866%	1.4470	1.5140	182	2.63		股吧
502050	易方达上证50指数分级B	0.9374	　0.932	0.017	+1.858%	0.9150	0.9200	27951	259.35		股吧
150246	鹏华互联网分级B	1.5510	　1.550	0.028	+1.840%	1.5220	1.5600	59	0.91		股吧
150262	华宝中证医疗指数分级B	1.8903	　1.866	0.032	+1.745%	1.8340	1.8400	12550	234.41		股吧
150124	建信央视财经50指数分级B	0.9122	　0.887	0.015	+1.720%	0.8720	0.8780	5951	52.64		股吧
150153	富国创业板指数分级B	1.7400	　1.743	0.029	+1.692%	1.7140	1.7180	564985	9829.79		股吧
161505	银河通利债券(LOF)A	1.2200	　1.230	0.020	+1.653%	1.2100	1.2300	5	0.06		股吧
150093	诺德深证300指数分级B	0.7330	　0.739	0.012	+1.651%	0.7270	0.7390	10	0.07		股吧
150270	招商中证白酒指数分级B	1.2358	　1.260	0.020	+1.613%	1.2400	1.2400	69734	874.15		股吧
150244	鹏华创业板分级B	1.7690	　1.772	0.028	+1.606%	1.7440	1.7580	2395	42.23		股吧
502055	长盛中证证券公司分级B	0.5940	　0.709	0.011	+1.576%	0.6980	0.6980	1630	11.31		股吧
150260	易方达重组指数分级B	1.0755	　1.062	0.016	+1.530%	1.0460	1.0460	178	1.88		股吧
150201	招商中证全指证券公司指数分级B	0.9788	　1.075	0.016	+1.511%	1.0590	1.0660	1280275	13792.94		股吧
150264	华宝中证1000指数分级B	0.7689	　0.749	0.011	+1.491%	0.7380	0.7490	99	0.74		股吧
160806	长盛同庆(LOF)	1.4220	　1.420	0.020	+1.429%	1.4000	1.4080	2	0.03		股吧
150290	中融中证煤炭指数分级B	0.4550	　0.449	0.006	+1.354%	0.4430	0.4430	104017	463.41		股吧
150199	国泰国证食品饮料行业指数分级B	1.5072	　1.501	0.020	+1.350%	1.4810	1.4890	5769	86.81		股吧
502008	易方达国企改革分级B	1.1408	　1.054	0.014	+1.346%	1.0400	1.0330	980	10.27		股吧
150023	申万菱信深证成指分级进取	0.1041	　0.242	0.003	+1.255%	0.2390	0.2410	624077	1509.43		股吧
150224	富国中证全指证券公司指数分级B	0.7770	　0.849	0.010	+1.192%	0.8390	0.8420	573261	4889.12		股吧
150236	鹏华证券分级B	0.8490	　0.934	0.011	+1.192%	0.9230	0.9210	127	1.18		股吧
150121	银河沪深300成长优先	1.0330	　1.020	0.012	+1.190%	1.0080	1.0080	1122	11.42		股吧
150052	信诚沪深300指数分级B	0.7940	　0.852	0.010	+1.188%	0.8420	0.8470	24343	206.90		股吧
150048	银华瑞祥	1.0000	　1.456	0.016	+1.111%	1.4400	1.4560	898	13.10		股吧
150031	银华中证等权90指数鑫利	1.2100	　1.195	0.013	+1.100%	1.1820	1.1870	81	0.98		股吧
150178	鹏华证券保险分级B	1.2620	　1.269	0.013	+1.035%	1.2560	1.2580	7224	91.27		股吧
501078	广发科创主题3年封闭混合	1.4828	　1.279	0.013	+1.027%	1.2660	1.2700	43729	557.90		股吧
150316	富国中证工业4.0指数分级B	1.2990	　1.300	0.013	+1.010%	1.2870	1.3040	1402	18.13		股吧
150029	信诚中证500指数B	1.3410	　1.330	0.013	+0.987%	1.3170	1.3180	2318	30.79		股吧
150218	交银国证新能源指数分级B	1.1350	　1.126	0.011	+0.987%	1.1150	1.1380	1005	11.38		股吧
501077	富国科创主题3年封闭运作灵活配置混合	1.4381	　1.257	0.012	+0.964%	1.2450	1.2440	17726	222.40		股吧
150212	富国中证新能源汽车指数分级B	0.8250	　0.843	0.008	+0.958%	0.8350	0.8440	125066	1064.48		股吧
150019	银华锐进	1.2150	　1.209	0.011	+0.918%	1.1980	1.1970	570209	6885.74		股吧
150297	南方中证互联网指数分级A	1.0157	　1.017	0.009	+0.893%	1.0080	1.0170	306	3.11		股吧
161115	易方达岁丰添利债券(LOF)	1.5850	　1.590	0.014	+0.888%	1.5760	1.5890	9	0.14		股吧
150197	国泰国证有色金属行业指数分级B	0.4702	　0.472	0.004	+0.855%	0.4680	0.4740	493922	2333.97		股吧
150060	银华鑫瑞	0.6270	　0.602	0.005	+0.838%	0.5970	0.6570	52	0.34		股吧
150158	信诚中证800金融指数分级B	0.9110	　0.905	0.007	+0.780%	0.8980	0.8980	9984	90.28		股吧
150248	工银中证传媒指数分级B	1.0335	　1.030	0.007	+0.684%	1.0230	0.9930	684	7.07		股吧
150017	兴全合润分级混合B	1.5002	　1.504	0.010	+0.669%	1.4940	1.4820	1340	20.11		股吧
150136	国富中证100指数增强分级B	1.0580	　1.069	0.007	+0.659%	1.0620	1.0620	449	4.65		股吧
501075	万家科创主题3年封闭运作灵活配置混合A	1.3283	　1.120	0.007	+0.629%	1.1130	1.1130	16594	185.67		股吧
150214	国投瑞银中证创业指数分级B	2.1050	　2.088	0.013	+0.627%	2.0750	2.1100	955	19.92		股吧
150228	鹏华银行分级B	0.7430	　0.768	0.004	+0.524%	0.7640	0.7650	74686	572.47		股吧
150185	申万菱信中证环保产业指数分级B	1.2923	　1.180	0.006	+0.511%	1.1740	1.1750	1634	19.26		股吧
150300	华安中证银行指数分级B	0.5971	　0.596	0.003	+0.506%	0.5930	0.5900	9814	58.43		股吧
150138	银华中证800等权指数增强分级A	1.0180	　1.005	0.005	+0.500%	1.0000	1.0070	167	1.68		股吧
161729	招商3年封闭瑞利混合	1.3137	　1.217	0.006	+0.495%	1.2110	1.2100	868	10.53		股吧
502037	大成中证互联网金融指数分级A	1.0263	　1.033	0.005	+0.486%	1.0280	1.0380	499	5.17		股吧
150008	瑞和小康	1.1090	　1.058	0.005	+0.475%	1.0530	1.0550	2508	26.50		股吧
150101	鹏华资源分级B	0.9340	　0.925	0.004	+0.434%	0.9210	0.9290	771	7.18		股吧
150210	富国中证国有企业改革指数分级B	0.7420	　0.734	0.003	+0.410%	0.7310	0.7280	36338	266.83		股吧
150283	申万菱信中证申万医药生物指数分级A	1.0433	　1.045	0.004	+0.384%	1.0410	1.0410	6295	65.97		股吧
150272	招商国证生物医药指数分级B	1.4367	　1.445	0.005	+0.347%	1.4400	1.4250	463	6.69		股吧
150315	富国中证工业4.0指数分级A	1.0190	　1.016	0.003	+0.296%	1.0130	1.0140	1963	19.89		股吧
150169	汇添富恒生指数分级(QDII)A	1.0190	　1.028	0.003	+0.293%	1.0250	1.0270	286	2.94		股吧
501076	鹏华科创3年封闭混合	1.2748	　1.081	0.003	+0.278%	1.0780	1.0780	29398	317.71		股吧
161010	富国天丰强化债券(LOF)	1.1426	　1.145	0.003	+0.263%	1.1420	1.1500	0	0.00
150259	易方达重组指数分级A	1.0007	　0.994	0.002	+0.202%	0.9920	0.9940	176	1.75		股吧
150241	富国中证银行指数分级A	1.0180	　1.011	0.002	+0.198%	1.0090	1.0100	12960	130.92		股吧
150140	国金沪深300指数分级A	1.0332	　1.023	0.002	+0.196%	1.0210	1.0240	7323	74.89		股吧
150053	泰达稳健	1.0420	　1.032	0.002	+0.194%	1.0300	1.0300	241	2.48		股吧
150263	华宝中证1000指数分级A	1.0267	　1.037	0.002	+0.193%	1.0350	1.0370	89	0.92		股吧
161614	融通四季添利债券(LOF)A	1.0510	　1.055	0.002	+0.190%	1.0530	1.0500	123	1.28		股吧
150009	瑞和远见	1.0270	　1.067	0.002	+0.188%	1.0650	1.0600	2320	24.80		股吧
150108	长盛同辉深100等权重A	1.0700	　1.092	0.002	+0.183%	1.0900	1.0920	411	4.48		股吧
150322	富国中证煤炭指数分级B	0.5690	　0.546	0.001	+0.183%	0.5450	0.5680	226	1.23		股吧
166012	中欧信用增利债券(LOF)C	1.1391	　1.137	0.002	+0.176%	1.1350	1.1390	207	2.35		股吧
150278	鹏华高铁分级B	0.5610	　0.593	0.001	+0.169%	0.5920	0.6170	3011	17.81		股吧
150206	鹏华中证国防指数分级B	0.6470	　0.651	0.001	+0.154%	0.6500	0.6530	432007	2804.32		股吧
150330	方正富邦保险主题指数分级B	1.4770	　1.464	0.002	+0.137%	1.4620	1.4680	7582	110.76		股吧
150160	融通通福分级债券B	1.0000	　1.586	0.002	+0.126%	1.5840	1.5850	12604	199.74		股吧
150022	申万菱信深证成指分级收益	1.0737	　0.956	0.001	+0.105%	0.9550	0.9550	110834	1058.14		股吧
150141	国金沪深300指数分级B	0.9744	　0.967	0.001	+0.104%	0.9660	0.9660	539	5.24		股吧
150171	申万菱信申银万国证券行业指数分级A	1.0104	　1.006	0.001	+0.100%	1.0050	1.0050	11817	118.75		股吧
150203	鹏华传媒分级A	1.0230	　1.017	0.001	+0.098%	1.0160	1.0190	554	5.64		股吧
150209	富国中证国有企业改革指数分级A	1.0220	　1.021	0.001	+0.098%	1.0200	1.0200	24284	247.85		股吧
150167	银华沪深300指数分级A	1.0260	　1.023	0.001	+0.098%	1.0220	1.0220	943	9.64		股吧
150123	建信央视财经50指数分级A	1.0262	　1.049	0.001	+0.095%	1.0480	1.0460	6962	72.92		股吧
150012	国联安双禧中证100指数A	1.0580	　1.060	0.001	+0.094%	1.0590	1.0580	856	9.06		股吧
150047	银华瑞吉	1.0000	　1.060	0.001	+0.094%	1.0590	1.0600	88	0.93		股吧
164808	工银四季收益债券(LOF)	1.0817	　1.090	0.001	+0.092%	1.0890	1.0900	16	0.17		股吧
164210	天弘同利债券(LOF)C	1.1046	　1.104	0.001	+0.091%	1.1030	1.1010	184	2.03		股吧
150187	申万菱信中证军工指数分级B	1.1664	　1.165	0.001	+0.086%	1.1640	1.1840	110	1.28		股吧
150042	长信利鑫分级债券B	1.6992	　1.694	0.001	+0.059%	1.6930	1.6930	2268	38.41		股吧
000091	信诚新双盈分级债券	0.9990	　--	--	--	--	--	--	--		股吧
000291	鹏华普悦债券	0.9600	　--	--	--	--	--	--	--		股吧
000292	鹏华丰信分级债券A	1.0000	　--	--	--	--	--	--	--		股吧
000293	鹏华丰信分级债券B	1.0000	　--	--	--	--	--	--	--		股吧
000316	中海瑞利六个月定期开放债券	0.8463	　--	--	--	--	--	--	--		股吧
000317	中海惠利分级债券A	1.0000	　--	--	--	--	--	--	--		股吧
000318	中海惠利分级债券B	1.0000	　--	--	--	--	--	--	--		股吧
000341	嘉实新兴市场债券(QDII)C2	1.1290	　--	--	--	--	--	--	--		股吧
000342	嘉实新兴市场债券(QDII)A1	1.2850	　--	--	--	--	--	--	--		股吧
000357	大成景祥分级债券A	1.0180	　--	--	--	--	--	--	--		股吧
000358	大成景祥分级债券B	1.9480	　--	--	--	--	--	--	--		股吧
000382	富国恒利分级债券	1.0000	　--	--	--	--	--	--	--		股吧
000383	富国恒利分级债券A	1.0000	　--	--	--	--	--	--	--		股吧
000384	富国恒利分级债券B	1.0000	　--	--	--	--	--	--	--		股吧
000387	泰达宏利瑞利分级债券A	1.0000	　--	--	--	--	--	--	--		股吧
000388	泰达宏利瑞利分级债券B	1.0000	　--	--	--	--	--	--	--		股吧
000428	易方达聚盈分级债券发起式	1.0004	　--	--	--	--	--	--	--		股吧
000429	易方达聚盈分级债券发起式A	1.0000	　--	--	--	--	--	--	--		股吧
000430	易方达聚盈分级债券发起式B	1.0024	　--	--	--	--	--	--	--		股吧
000454	国金通用鑫利分级债券A	1.0120	　--	--	--	--	--	--	--		股吧
000455	国金通用鑫利分级债券B	1.1020	　--	--	--	--	--	--	--		股吧
000497	财通纯债债券A	1.0893	　--	--	--	--	--	--	--		股吧
000498	财通纯债分级债券A	1.0000	　--	--	--	--	--	--	--		股吧
000499	财通纯债分级债券B	1.0000	　--	--	--	--	--	--	--		股吧
000500	华富恒富分级债券	1.0020	　--	--	--	--	--	--	--		股吧
000501	华富恒富18个月定开债C	1.1894	　--	--	--	--	--	--	--		股吧
000502	华富恒富18个月定开债A	1.2029	　--	--	--	--	--	--	--		股吧
000622	华富恒财分级债券	1.0170	　--	--	--	--	--	--	--		股吧
000623	华富恒财定期开放债券C	1.0046	　--	--	--	--	--	--	--		股吧
000624	华富恒财定期开放债券A	1.0203	　--	--	--	--	--	--	--		股吧
000631	中银聚利分级债券	1.0004	　--	--	--	--	--	--	--		股吧
000632	中银聚利半年定期开放债券	1.0060	　--	--	--	--	--	--	--		股吧
000633	中银聚利分级债券B	1.0004	　--	--	--	--	--	--	--		股吧
000674	中海中短债债券	0.9996	　--	--	--	--	--	--	--		股吧
000675	中海惠祥分级债券A	1.0000	　--	--	--	--	--	--	--		股吧
000774	天弘瑞利分级债券	1.2250	　--	--	--	--	--	--	--		股吧
000775	天弘瑞利分级债券A	1.0000	　--	--	--	--	--	--	--		股吧
000776	天弘瑞利分级债券B	1.2420	　--	--	--	--	--	--	--		股吧
000909	鑫元合丰分级债券	1.0030	　--	--	--	--	--	--	--		股吧
000910	鑫元合丰纯债C	1.0190	　--	--	--	--	--	--	--		股吧
000911	鑫元合丰纯债A	1.0219	　--	--	--	--	--	--	--		股吧
001283	红塔红土盛金新动力混合A	1.0671	　--	--	--	--	--	--	--		股吧
001284	红塔红土盛金新动力混合C	1.0588	　--	--	--	--	--	--	--		股吧
001369	兴业稳固收益两年理财债券	1.0373	　--	--	--	--	--	--	--		股吧
004392	工银瑞利两年封闭债券	1.0260	　--	--	--	--	--	--	--		股吧
005752	金鹰添盛定期开放债券	1.0008	　--	--	--	--	--	--	--		股吧
005786	中邮纯债汇利三个月定期开放债券	1.0206	　--	--	--	--	--	--	--		股吧
005862	华夏鼎禄三个月定开债券A	1.0125	　--	--	--	--	--	--	--		股吧
005863	华夏鼎禄三个月定开债券C	1.0000	　--	--	--	--	--	--	--		股吧
005898	浦银安盛盛泽定开债券	1.0202	　--	--	--	--	--	--	--		股吧
006174	长信稳裕三个月定开债券发起式	1.0860	　--	--	--	--	--	--	--		股吧
006224	中银中债3-5年期农发行债券指数	1.0313	　--	--	--	--	--	--	--		股吧
006289	华夏养老2040三年持有混合(FOF)	1.2089	　--	--	--	--	--	--	
006393	招商添德3个月定开债发起式A	1.0077	　--	--	--	--	--	--	--		股吧
006394	招商添德3个月定开债发起式C	1.0000	　--	--	--	--	--	--	--		股吧
006412	平安合锦定开债	1.0238	　--	--	--	--	--	--	--		股吧
007145	泰康安和纯债6个月定开债券	1.0240	　--	--	--	--	--	--	--		股吧
007268	山证裕睿6个月定开债券A	1.0246	　--	--	--	--	--	--	--		股吧
007269	山证裕睿6个月定开债券C	1.0203	　--	--	--	--	--	--	--		股吧
007353	工银科技创新3年封闭混合	1.5030	　--	--	--	--	--	--	--		股吧
007420	华安鼎信3个月定开债券	1.0510	　--	--	--	--	--	--	--		股吧
007501	万家科创主题3年封闭运作灵活配置混合C	1.0000	　--	--	--	--	--	--	--		股吧
007517	博时富淳3个月定开债发起式	1.0068	　--	--	--	--	--	--	--		股吧
121007	瑞福优先	1.0285	　--	--	--	--	--	--	--		股吧
150001	瑞福进取	1.8720	　--	--	--	--	--	--	--		股吧
150002	大成优选	0.7820	　--	--	--	--	--	--	--		股吧
150003	建信优势	0.9340	　--	--	--	--	--	--	--		股吧
150006	长盛同庆A	1.1680	　--	--	--	--	--	--	--		股吧
150007	长盛同庆B	0.6880	　--	--	--	--	--	--	--		股吧
150010	国泰优先	1.1710	　--	--	--	--	--	--	--		股吧
150011	国泰进取	0.4980	　--	--	--	--	--	--	--		股吧
150018	银华稳进	1.0190	　1.020	0.000	0.000%	1.0200	1.0200	197169	2009.85		股吧
150025	大成景丰分级债券A	1.1210	　--	--	--	--	--	--	--		股吧
150026	大成景丰分级债券B	0.8880	　--	--	--	--	--	--	--		股吧
150028	信诚中证500指数A	1.0160	　1.020	0.000	0.000%	1.0200	1.0200	1474	15.03		股吧
150030	银华中证等权90指数金利	1.0220	　1.017	0.000	0.000%	1.0170	1.0100	84	0.86		股吧
150033	嘉实多利分级债券进取	0.8295	　0.890	0.000	0.000%	0.8900	0.8900	10	0.09		股吧
150037	建信进取	2.0620	　1.988	0.000	0.000%	1.9880	1.9880	1	0.01		股吧
150038	万家添利分级债券B	1.2776	　--	--	--	--	--	--	--		股吧
150041	富国天盈分级债券B	1.3510	　--	--	--	--	--	--	--		股吧
150043	博时裕祥分级债券B	1.1180	　--	--	--	--	--	--	--		股吧
150044	海富通稳进增利债券A	1.1500	　--	--	--	--	--	--	--		股吧
150045	海富通稳进增利债券B	1.6900	　--	--	--	--	--	--	--		股吧
150046	天弘丰利分级债券B	1.5416	　--	--	--	--	--	--	--		股吧
150049	南方新兴消费收益	1.0110	　1.008	0.000	0.000%	1.0080	1.0080	96	0.97		股吧
150055	工银瑞信睿智A	1.0000	　1.032	0.000	0.000%	1.0320	1.0330	5241	54.00		股吧
150059	银华金瑞	1.0220	　1.029	0.000	0.000%	1.0290	1.0290	0	0.00		股吧
150061	鹏华丰泽分级债券B	1.4090	　--	--	--	--	--	--	--		股吧
150062	浦银安盛增利分级债券A	1.1580	　--	--	--	--	--	--	--		股吧
150063	浦银安盛增利分级债券B	1.6940	　--	--	--	--	--	--	--		股吧
150066	国泰信用互利分级债券A	1.0062	　1.002	0.000	0.000%	1.0020	1.0000	527	5.28		股吧
150068	诺德双翼分级债券B	1.2600	　--	--	--	--	--	--	--		股吧
150069	国联安双力中小板分级A	1.0650	　--	--	--	--	--	--	--		股吧
150070	国联安双力中小板分级B	2.2890	　--	--	--	--	--	--	--		股吧
150071	中欧盛世成长分级股票A	1.0000	　--	--	--	--	--	--	--		股吧
150072	中欧盛世成长分级股票B	1.0000	　--	--	--	--	--	--	--		股吧
150076	浙商沪深300指数分级稳健	1.0280	　0.990	0.000	0.000%	0.9900	0.9900	10	0.10		股吧
150078	金鹰持久回报分级债券B	1.4134	　--	--	--	--	--	--	--		股吧
150079	银河通利分级债券B	1.0000	　--	--	--	--	--	--	--		股吧
150080	国联安双佳B信用分级债券	1.2320	　--	--	--	--	--	--	--		股吧
150081	信诚双盈分级债券封闭B	1.8900	　--	--	--	--	--	--	--		股吧
150082	信达澳银稳定增利分级债券B	1.1120	　--	--	--	--	--	--	--		股吧
150087	中欧信用增利分级债券B	1.2280	　--	--	--	--	--	--	--		股吧
150091	万家中证创业成长指数分级B	0.3992	　0.380	0.000	0.000%	0.3800	0.3440	699	2.59		股吧
150092	诺德深证300指数分级A	1.0190	　1.012	0.000	0.000%	1.0120	1.0120	1170	11.83		股吧
150098	长盛同庆800A	1.0650	　--	--	--	--	--	--	--		股吧
150099	长盛同庆800B	2.2800	　--	--	--	--	--	--	--		股吧
150100	鹏华资源分级A	1.0200	　1.013	0.000	0.000%	1.0130	1.0140	0	0.00		股吧
150104	华安沪深300指数分级A	1.0219	　1.059	0.000	0.000%	1.0590	1.0520	0	0.00		股吧
150105	华安沪深300指数分级B	1.8125	　1.750	0.000	0.000%	1.7500	1.7280	0	0.00		股吧
150106	易方达中小板指数分级稳健	1.0698	　1.061	0.000	0.000%	1.0610	1.0620	402317	4268.66		股吧
150110	华商中证500A	1.1670	　--	--	--	--	--	--	--		股吧
150111	华商中证500B	2.8730	　--	--	--	--	--	--	--		股吧
150115	长盛同丰分级债券B	0.9780	　--	--	--	--	--	--	--		股吧
150116	银华永兴纯债分级债券B	1.2830	　--	--	--	--	--	--	--		股吧
150119	中欧纯债分级债券B	1.3510	　--	--	--	--	--	--	--		股吧
150127	招商双债增强分级债券B	1.1420	　--	--	--	--	--	--	--		股吧
150130	国泰国证医药卫生行业指数分级A	1.0184	　1.027	0.000	0.000%	1.0270	1.0270	22082	226.75		股吧
150132	金鹰元盛分级债券B	1.0000	　--	--	--	--	--	--	--		股吧
150133	德邦德信中高企债指数分级A	1.0740	　1.069	0.000	0.000%	1.0690	1.0690	109	1.17		股吧
150137	安信宝利分级债券B	1.2630	　--	--	--	--	--	--	--		股吧
150142	汇添富互利分级债券B	1.5270	　1.522	0.000	0.000%	1.5220	1.5230	16411	249.78		股吧
150150	信诚中证800有色指数分级A	1.0230	　1.017	0.000	0.000%	1.0170	1.0170	253	2.57		股吧
150152	富国创业板指数分级A	1.0220	　1.024	0.000	0.000%	1.0240	1.0230	144012	1473.27		股吧
150157	信诚中证800金融指数分级A	1.0230	　1.025	0.000	0.000%	1.0250	1.0260	359	3.68		股吧
150159	中欧纯债添利分级债券B	1.1080	　--	--	--	--	--	--	--		股吧
150161	新华惠鑫分级债券B	1.0000	　1.789	0.000	0.000%	1.7890	1.7900	3661	65.50		股吧
150162	银华永益分级债券B	1.0010	　--	--	--	--	--	--	--		股吧
150164	东吴中证可转换债券指数分级A	1.0235	　1.016	0.000	0.000%	1.0160	1.0150	920	9.34		股吧
150166	国富恒利分级债券B	1.4820	　--	--	--	--	--	--	--		股吧
150175	银华恒生国企指数分级(QDII)A	1.0258	　1.027	0.000	0.000%	1.0270	1.0270	88458	908.37		股吧
150177	鹏华证券保险分级A	1.0200	　1.018	0.000	0.000%	1.0180	1.0190	1378	14.04		股吧
150179	鹏华信息分级A	1.0140	　1.005	0.000	0.000%	1.0050	1.0050	3956	
150194	富国中证移动互联网指数分级A	1.0220	　1.015	0.000	0.000%	1.0150	1.0140	21005	212.97		股吧
150196	国泰国证有色金属行业指数分级A	1.0238	　1.024	0.000	0.000%	1.0240	1.0240	25852	264.72		股吧
150205	鹏华中证国防指数分级A	1.0230	　1.015	0.000	0.000%	1.0150	1.0160	6937	70.41		股吧
150211	富国中证新能源汽车指数分级A	1.0150	　1.011	0.000	0.000%	1.0110	1.0110	16705	169.05		股吧
150221	前海开源中航军工指数分级A	1.0280	　1.046	0.000	0.000%	1.0460	1.0460	24520	256.30		股吧
150230	鹏华酒分级B	1.7770	　1.779	0.000	0.000%	1.7790	1.7930	554	9.83		股吧
150235	鹏华证券分级A	1.0270	　1.020	0.000	0.000%	1.0200	1.0200	0	0.00		股吧
150238	鹏华环保分级B	0.5890	　0.630	0.000	0.000%	0.6300	0.6000	0	0.00		股吧
150239	鹏华医药分级A	1.0000	　--	--	--	--	--	--	--		股吧
150240	鹏华医药分级B	1.0000	　--	--	--	--	--	--	--		股吧
150243	鹏华创业板分级A	1.0230	　1.031	0.000	0.000%	1.0310	1.0310	0	0.00		股吧
150253	前海开源农业分级A	1.0330	　--	--	--	--	--	--	--		股吧
150254	前海开源农业分级B	0.8170	　--	--	--	--	--	--	--		股吧
150275	安信一带一路分级A	1.0220	　1.014	0.000	0.000%	1.0140	1.0140	2277	23.07		股吧
150276	安信一带一路分级B	1.0180	　1.028	0.000	0.000%	1.0280	1.0300	822	8.31		股吧
150285	中融中证白酒指数分级A	1.0330	　--	--	--	--	--	--	--		股吧
150286	中融中证白酒指数分级B	1.3060	　--	--	--	--	--	--	--		股吧
150292	中融银行指数分级B	0.6910	　0.649	0.000	0.000%	0.6490	0.6750	0	0.00		股吧
150293	南方中证高铁产业指数分级A	1.0285	　1.025	0.000	0.000%	1.0250	1.0250	9	0.10		股吧
150294	南方中证高铁产业指数分级B	0.2957	　0.397	0.000	0.000%	0.3970	0.3970	102	0.40		股吧
150295	南方中证国有企业改革指数分级A	1.0259	　1.023	0.000	0.000%	1.0230	1.0170	488	4.96		股吧
150299	华安中证银行指数分级A	1.0265	　1.028	0.000	0.000%	1.0280	1.0270	45925	472.09		股吧
150303	华安创业板50指数分级A	1.0265	　1.028	0.000	0.000%	1.0280	1.0280	2633	27.07		股吧
150313	信诚中证基建工程指数分级A	1.0290	　--	--	--	--	--	--	--		股吧
150314	信诚中证基建工程指数分级B	1.0030	　--	--	--	--	--	--	--		股吧
150319	交银中证环境治理指数分级A	1.0560	　--	--	--	--	--	--	--		股吧
150320	交银中证环境治理指数分级B	0.8420	　--	--	--	--	--	--	--		股吧
150329	方正富邦保险主题指数分级A	1.0220	　1.015	0.000	0.000%	1.0150	1.0140	2570	26.07		股吧
150333	建信有色金属分级A	1.0523	　--	--	--	--	--	--	--		股吧
150334	建信有色金属分级B	0.9499	　--	--	--	--	--	--	--		股吧
150344	融通证券分级B	0.8210	　0.907	0.000	0.000%	0.9070	0.9040	524	4.74		股吧
150349	融通农业分级A	1.0340	　--	--	--	--	--	--	--		股吧
150350	融通农业分级B	0.9940	　--	--	--	--	--	--	--		股吧
150351	银华中证国防安全指数分级A	1.0270	　--	--	--	--	--	--	--		股吧
150352	银华中证国防安全指数分级B	1.1250	　--	--	--	--	--	--	--		股吧
150353	银华中证一带一路主题指数分级A	1.0310	　--	--	--	--	--	--	--		股吧
150354	银华中证一带一路主题指数分级B	0.8890	　--	--	--	--	--	--	--		股吧
150357	国泰国证新能源汽车指数分级A	1.0358	　--	--	--	--	--	--	--		股吧
150358	国泰国证新能源汽车指数分级B	1.1902	　--	--	--	--	--	--	--		股吧
160128	南方金利A	1.0160	　1.020	0.000	0.000%	1.0200	1.0200	0	0.00		股吧
160513	博时稳健回报债券(LOF)A	1.6100	　1.600	0.000	0.000%	1.6000	1.6000	0	0.00		股吧
160514	博时稳健回报债券(LOF)C	1.4070	　--	--	--	--	--	--	--		股吧
160619	鹏华丰泽分级债券A	1.0000	　--	--	--	--	--	--	--		股吧
160623	鹏华丰利分级债券A	1.0000	　--	--	--	--	--	--	--		股吧
160641	--	--	　--	--	--	--	--	--	--		股吧
160811	长盛同丰分级债券A	1.0000	　--	--	--	--	--	--	--		股吧
161015	富国天盈债券(LOF)C	1.0896	　1.088	0.000	0.000%	1.0880	1.0880	0	0.00		股吧
161016	富国天盈分级债券A	1.0000	　--	--	--	--	--	--	--		股吧
161019	富国新天锋债券(LOF)	1.0720	　1.064	0.000	0.000%	1.0640	1.0440	0	0.00		股吧
161506	银河通利债券(LOF)C	1.2520	　--	--	--	--	--	--	--		股吧
161627	融通通福债券(LOF)C	1.1733	　--	--	--	--	--	--	--		股吧
161713	招商信用添利债券(LOF)A	1.0234	　1.022	0.000	0.000%	1.0220	1.0210	4092	41.76		股吧
161717	招商双债增强分级债券A	1.0210	　--	--	--	--	--	--	--		股吧
161824	银华永兴纯债债券(LOF)C	1.1390	　--	--	--	--	--	--	--		股吧
161827	银华永益分级债券	1.0010	　--	--	--	--	--	--	--		股吧
161828	银华永益分级债券A	1.0000	　--	--	--	--	--	--	--		股吧
161908	万家添利债券(LOF)	1.0779	　1.080	0.000	0.000%	1.0800	1.0800	0	0.00		股吧
161909	万家添利分级债券A	1.1362	　--	--	--	--	--	--	--		股吧
161911	万家强化收益定期开放债券	1.0396	　1.027	0.000	0.000%	1.0270	1.0270	11294	115.88		股吧
162106	金鹰持久回报分级债券A	1.0204	　--	--	--	--	--	--	--		股吧
162109	金鹰元盛分级债券A	1.0000	　--	--	--	--	--	--	--		股吧
162512	国联安双佳A信用分级债券	1.0190	　--	--	--	--	--	--	--		股吧
162712	广发聚利债券(LOF)A	1.4253	　1.427	0.000	0.000%	1.4270	1.4250	0	0.00		股吧
163004	长信利鑫分级债券A	1.0000	　--	--	--	--	--	--	--		股吧
163006	长信利众分级债券A	1.0000	　--	--	--	--	--	--	--		股吧
163007	长信利众债券(LOF)A	0.9352	　--	--	--	--	--	--	--		股吧
16300L	长信利众分级债券	1.0000	　--	--	--	--	--	--	--		股吧
163112	申万菱信定期开放债券(LOF)	1.1320	　--	--	--	--	--	--	--		股吧
163825	中银互利半年定期开放债券	1.1171	　--	--	--	--	--	--	--		股吧
163826	中银互利分级债券A	1.0014	　--	--	--	--	--	--	--		股吧
163908	中海惠裕分级债券发起式A	1.0170	　--	--	--	--	--	--	--		股吧
163909	中海惠丰分级债券	1.0020	　--	--	--	--	--	--	--		股吧
164207	天弘添利分级债券A	1.0000	　--	--	--	--	--	--	--		股吧
164208	天弘丰利债券(LOF)	1.1093	　1.112	0.000	0.000%	1.1120	1.1120	0	0.00		股吧
164209	天弘丰利分级债券A	1.0000	　--	--	--	--	--	--	--		股吧
164211	天弘同利分级债券A	1.0000	　--	--	--	--	--	--	--		股吧
164303	新华惠鑫分级债券A	1.0000	　--	--	--	--	--	--	--		股吧
164510	国富恒利债券(LOF)C	1.0937	　--	--	--	--	--	--	--		股吧
164704	汇添富互利分级债券A	1.0000	　--	--	--	--	--	--	--		股吧
164813	工银增利分级债券A	1.0160	　--	--	--	--	--	--	
165518	信诚双盈分级债券A	1.0000	　--	--	--	--	--	--	--		股吧
165706	诺德双翼分级债券A	1.0190	　--	--	--	--	--	--	--		股吧
165808	东吴鼎利分级债券A	1.0000	　--	--	--	--	--	--	--		股吧
166013	中欧信用增利分级债券A	1.0000	　--	--	--	--	--	--	--		股吧
166017	中欧纯债分级债券A	1.0000	　--	--	--	--	--	--	--		股吧
166021	中欧纯债添利分级债券	1.1040	　--	--	--	--	--	--	--		股吧
166022	中欧纯债添利分级债券A	1.0000	　--	--	--	--	--	--	--		股吧
166105	信达澳银鑫安债券(LOF)	1.0370	　1.032	0.000	0.000%	1.0320	1.0250	0	0.00		股吧
166106	信达澳银稳定增利分级债券A	1.0000	　--	--	--	--	--	--	--		股吧
166401	浦银安盛稳健增利债券(LOF)C	1.1050	　1.106	0.000	0.000%	1.1060	1.1060	0	0.00		股吧
167502	安信宝利分级债券A	1.0000	　--	--	--	--	--	--	--		股吧
502001	西部利得中证500等权重指数分级A	1.0064	　0.995	0.000	0.000%	0.9950	0.0000	0	0.00		股吧
502002	西部利得中证500等权重指数分级B	1.0467	　0.933	0.000	0.000%	0.9330	0.0000	0	0.00		股吧
502004	易方达军工分级A	1.0418	　1.041	0.000	0.000%	1.0410	0.0000	0	0.00		股吧
502011	易方达证券公司分级A	1.0418	　1.035	0.000	0.000%	1.0350	1.0350	2837	29.35		股吧
502014	长盛中证申万一带一路分级A	1.0260	　1.020	0.000	0.000%	1.0200	1.0200	11	0.11		股吧
502017	长信中证一带一路指数分级A	1.0160	　0.985	0.000	0.000%	0.9850	0.0000	0	0.00		股吧
502018	长信中证一带一路指数分级B	0.8260	　1.158	0.000	0.000%	1.1580	0.0000	0	0.00		股吧
502021	国金上证50分级A	1.0410	　1.029	0.000	0.000%	1.0290	0.0000	0	0.00		股吧
502022	国金上证50分级B	1.1070	　1.194	0.000	0.000%	1.1940	0.0000	0	0.00		股吧
502024	鹏华钢铁分级A	1.0150	　1.048	0.000	0.000%	1.0480	0.0000	0	0.00		股吧
502027	鹏华新丝路分级A	1.0000	　1.000	0.000	0.000%	1.0000	0.0000	0	0.00		股吧
502028	鹏华新丝路分级B	1.0000	　0.679	0.000	0.000%	0.6790	0.0000	0	0.00		股吧
502031	中海中证高铁产业指数分级A	1.0040	　0.936	0.000	0.000%	0.9360	0.0000	0	0.00		股吧
502032	中海中证高铁产业指数分级B	1.1320	　1.141	0.000	0.000%	1.1410	0.0000	0	0.00		股吧
502038	大成中证互联网金融指数分级B	0.6966	　0.658	0.000	0.000%	0.6580	0.0000	0	0.00		股吧
502041	长盛上证50指数分级A	1.0260	　1.024	0.000	0.000%	1.0240	0.0000	0	0.00		股吧
502042	长盛上证50指数分级B	1.6420	　1.600	0.000	0.000%	1.6000	0.0000	0	0.00		股吧
502054	长盛中证证券公司分级A	1.0260	　1.021	0.000	0.000%	1.0210	0.0000	0	0.00		股吧
502057	广发医疗指数分级A	1.0137	　1.023	0.000	0.000%	1.0230	0.0000	0	0.00		股吧
502058	广发医疗指数分级B	1.1301	　1.102	0.000	0.000%	1.1020	1.1020	12	0.13		股吧
519052	海富通双利分级债券A	1.0220	　--	--	--	--	--	--	--		股吧
519053	海富通双利分级债券B	1.2460	　--	--	--	--	--	--	--		股吧
519055	海富通双利债券	0.9150	　--	--	--	--	--	--	--		股吧
519058	海富通双福分级债券B	0.8030	　--	--	--	--	--	--	--		股吧
519059	海富通可转债优选债券	0.7697	　--	--	--	--	--	--	--		股吧
519749	交银丰泽收益债券A	1.0260	　--	--	--	--	--	--	--		股吧
150280	鹏华新能源分级B	1.5490	　1.657	-0.001	-0.060%	1.6580	1.6570	1	0.02		股吧
150147	天弘同利分级债券B	1.4960	　1.490	-0.001	-0.067%	1.4910	1.4910	4912	73.22		股吧
164206	天弘添利债券(LOF)C	1.2645	　1.258	-0.001	-0.079%	1.2590	1.2690	157	1.99		股吧
150120	东吴鼎利分级债券B	1.2510	　1.245	-0.001	-0.080%	1.2460	1.2460	1230	15.30		股吧
150034	泰达宏利聚利A	1.0000	　1.222	-0.001	-0.082%	1.2230	1.2230	100160	1224.96		股吧
150035	泰达宏利聚利B	1.0000	　2.196	-0.002	-0.091%	2.1980	2.1980	65611	1440.50		股吧
150192	鹏华地产分级A	1.0200	　1.035	-0.001	-0.097%	1.0360	1.0130	445	4.59		股吧
150223	富国中证全指证券公司指数分级A	1.0290	　1.035	-0.001	-0.097%	1.0360	1.0350	233739	2417.33		股吧
150117	国泰国证房地产行业指数分级A	1.0238	　1.029	-0.001	-0.097%	1.0300	1.0290	11756	120.75		股吧
150291	中融银行指数分级A	1.0270	　1.028	-0.001	-0.097%	1.0290	1.0270	5996	61.64		股吧
150287	中融国证钢铁行业指数分级A	1.0270	　1.027	-0.001	-0.097%	1.0280	1.0280	4871	50.05		股吧
150281	长盛中证金融地产分级A	1.0260	　1.024	-0.001	-0.098%	1.0250	1.0120	11	0.11		股吧
150227	鹏华银行分级A	1.0270	　1.019	-0.001	-0.098%	1.0200	1.0190	47199	481.00		股吧
166904	民生加银平稳添利债券A	1.0210	　1.018	-0.001	-0.098%	1.0190	1.0200	53	0.54		股吧
150096	招商中证商品A	1.0250	　1.017	-0.001	-0.098%	1.0180	1.0170	437	4.44		股吧
150143	银华中证转债指数增强分级A	1.0230	　1.016	-0.001	-0.098%	1.0170	1.0160	991	10.06		股吧
150051	信诚沪深300指数分级A	1.0220	　1.014	-0.001	-0.099%	1.0150	1.0140	12164	123.23		股吧
150200	招商中证全指证券公司指数分级A	1.0216	　1.013	-0.001	-0.099%	1.0140	1.0140	105423	1067.92		股吧
150307	富国中证体育产业指数分级A	1.0190	　1.011	-0.001	-0.099%	1.0120	1.0130	600	6.08		股吧
150097	招商中证商品B	1.0150	　1.009	-0.001	-0.099%	1.0100	1.0100	912	9.16		股吧
150257	易方达生物科技指数分级A	1.0064	　1.009	-0.001	-0.099%	1.0100	1.0070	516	5.19		股吧
502049	易方达上证50指数分级A	1.0068	　1.009	-0.001	-0.099%	1.0100	1.0100	15096	152.39		股吧
150090	万家中证创业成长指数分级A	1.0308	　1.008	-0.001	-0.099%	1.0090	1.0080	4861	49.15		股吧
150309	信诚中证信息安全指数分级A	1.0140	　1.006	-0.001	-0.099%	1.0070	1.0050	45	0.45		股吧
150073	诺安中证创业成长指数稳健	1.0200	　1.003	-0.001	-0.100%	1.0040	1.0040	4279	42.96		股吧
150255	易方达银行指数分级A	1.0007	　0.993	-0.001	-0.101%	0.9940	0.9930	100	0.99		股吧
184801	鹏华前海万科REITS	105.3990	　93.058	-0.102	-0.109%	93.1600	93.2000	120	111.59		股吧
150172	申万菱信申银万国证券行业指数分级B	0.6758	　0.838	-0.001	-0.119%	0.8390	0.8400	200902	1698.00		股吧
150182	富国中证军工指数分级B	1.3600	　1.358	-0.002	-0.147%	1.3600	1.3600	23338	317.53		股吧
160618	鹏华丰泽债券(LOF)	1.3553	　1.353	-0.002	-0.148%	1.3550	1.3530	2870	38.82		股吧
150310	信诚中证信息安全指数分级B	0.9040	　1.211	-0.002	-0.165%	1.2130	1.0920	472	5.59		股吧
167501	安信宝利债券(LOF)	1.0970	　1.094	-0.002	-0.182%	1.0960	1.0930	90	0.98		股吧
150321	富国中证煤炭指数分级A	1.0330	　1.046	-0.002	-0.191%	1.0480	1.0480	333	3.48		股吧
150247	工银中证传媒指数分级A	1.0237	　1.034	-0.002	-0.193%	1.0360	1.0340	304	3.14		股吧
150181	富国中证军工指数分级A	1.0220	　1.016	-0.002	-0.196%	1.0180	1.0150	7794	79.17		股吧
150251	招商中证煤炭等权指数分级A	1.0216	　1.013	-0.002	-0.197%	1.0150	1.0130	1	0.01		股吧
150217	交银国证新能源指数分级A	1.0190	　1.011	-0.002	-0.197%	1.0130	1.0130	1614	16.32		股吧
150231	申万菱信中证申万电子行业投资指数分级A	1.0029	　0.995	-0.002	-0.201%	0.9970	0.9950	1001	9.96		股吧
150266	中融一带一路分级B	0.8870	　0.820	-0.002	-0.243%	0.8220	0.8090	2354	19.31		股吧
150085	申万菱信中小板指数分级A	1.0500	　1.047	-0.003	-0.286%	1.0500	1.0490	6397	67.04		股吧
163210	诺安纯债定期开放债券A	1.0610	　1.046	-0.003	-0.286%	1.0490	1.0490	2957	30.94		股吧
150198	国泰国证食品饮料行业指数分级A	1.0238	　1.032	-0.003	-0.290%	1.0350	1.0300	151	1.56		股吧
150237	鹏华环保分级A	1.0270	　1.019	-0.003	-0.294%	1.0220	1.0190	100	
150213	国投瑞银中证创业指数分级A	1.0220	　1.017	-0.003	-0.294%	1.0200	1.0190	610	6.21		股吧
150269	招商中证白酒指数分级A	1.0216	　1.013	-0.003	-0.295%	1.0160	1.0120	505	5.10		股吧
150057	长城久兆稳健指数	1.0300	　0.997	-0.003	-0.300%	1.0000	0.9970	20	0.20		股吧
150296	南方中证国有企业改革指数分级B	0.9879	　0.980	-0.003	-0.305%	0.9830	0.9630	21	0.21		股吧
502015	长盛中证申万一带一路分级B	1.1460	　1.140	-0.004	-0.350%	1.1440	1.1250	12	0.13		股吧
502007	易方达国企改革分级A	1.0444	　1.078	-0.004	-0.370%	1.0820	1.0780	118	1.27		股吧
163819	中银信用增利债券(LOF)	1.0810	　1.076	-0.004	-0.370%	1.0800	1.0760	105	1.13		股吧
150040	中欧鼎利分级债券B	1.0330	　1.045	-0.004	-0.381%	1.0490	1.0450	5	0.05		股吧
150112	工银深证100指数分级A	1.0000	　1.011	-0.004	-0.394%	1.0150	1.0060	104	1.05		股吧
150305	国寿安保中证养老产业指数分级A	1.0130	　0.995	-0.004	-0.400%	0.9990	1.0010	1205	12.05		股吧
150118	国泰国证房地产行业指数分级B	1.0022	　0.980	-0.004	-0.407%	0.9840	0.9790	14579	143.14		股吧
150222	前海开源中航军工指数分级B	0.9860	　0.960	-0.004	-0.415%	0.9640	0.9640	5738	55.08		股吧
150016	兴全合润分级混合A	1.1112	　1.129	-0.005	-0.441%	1.1340	1.1200	155	1.74		股吧
164703	汇添富纯债债券(LOF)	0.8680	　0.866	-0.004	-0.460%	0.8700	0.8660	33	0.29		股吧
160621	鹏华丰和债券(LOF)A	1.3020	　1.295	-0.006	-0.461%	1.3010	1.2940	35	0.45		股吧
150088	金鹰中证500指数分级A	1.0324	　1.035	-0.005	-0.481%	1.0400	1.0400	2679	27.82		股吧
150226	博时证券保险指数分级B	1.1351	　1.230	-0.006	-0.485%	1.2360	1.2420	150	1.76		股吧
150216	国泰深证TMT50指数分级B	1.4253	　1.420	-0.008	-0.560%	1.4280	1.4190	3535	50.10		股吧
150193	鹏华地产分级B	1.0600	　1.025	-0.006	-0.582%	1.0310	1.0480	1906	19.54		股吧
150039	中欧鼎利分级债券A	1.0060	　1.001	-0.006	-0.596%	1.0070	1.0000	140	1.40		股吧
162308	海富通稳进增利债券(LOF)	1.0970	　1.091	-0.007	-0.638%	1.0980	1.0960	21	0.23		股吧
150288	中融国证钢铁行业指数分级B	0.6270	　0.608	-0.004	-0.654%	0.6120	0.6070	23127	140.55		股吧
150109	长盛同辉深100等权重B	1.1320	　1.116	-0.008	-0.712%	1.1240	1.1250	12471	136.62		股吧
150215	国泰深证TMT50指数分级A	1.0195	　1.012	-0.008	-0.784%	1.0200	1.0200	613	6.23		股吧
150180	鹏华信息分级B	0.8780	　0.938	-0.009	-0.950%	0.9470	0.9210	495	4.61		股吧
150252	招商中证煤炭等权指数分级B	0.4668	　0.487	-0.005	-1.016%	0.4920	0.4730	622	3.11		股吧
150089	金鹰中证500指数分级B	1.1936	　1.173	-0.013	-1.096%	1.1860	1.1510	913	10.74		股吧
502005	易方达军工分级B	1.6602	　1.636	-0.021	-1.267%	1.6570	1.6720	494	8.03		股吧
150013	国联安双禧中证100指数B	1.1050	　1.086	-0.014	-1.273%	1.1000	1.0820	2061	22.41		股吧
150250	招商中证银行指数分级B	1.0200	　0.985	-0.015	-1.500%	1.0000	1.0420	230	2.33		股吧
150151	信诚中证800有色指数分级B	0.7170	　0.709	-0.011	-1.528%	0.7200	0.7170	268	1.89		股吧
150054	泰达进取	0.8697	　0.824	-0.015	-1.788%	0.8390	0.7880	42	0.35		股吧
150086	申万菱信中小板指数分级B	0.8960	　0.910	-0.017	-1.834%	0.9270	0.9300	28532	262.67		股吧
150128	工银增利分级债券B	1.1970	　1.194	-0.032	-2.610%	1.2260	1.1930	10581	126.31		股吧
150113	工银深证100指数分级B	1.0000	　1.670	-0.045	-2.624%	1.7150	1.6700	1	0.02		股吧
150312	信诚中证智能家居指数分级B	0.8280	　0.903	-0.033	-3.526%	0.9360	0.9340	13	0.12		股吧
150242	富国中证银行指数分级B	1.0080	　1.001	-0.037	-3.565%	1.0380	1.0080	4085	41.44		股吧
150114	中海惠裕分级债券发起式B	1.2620	　1.259	-0.048	-3.673%	1.3070	1.2590	13039	164.17		股吧
150336	融通军工分级B	0.7370	　0.794	-0.031	-3.758%	0.8250	0.7600	233	1.76		股吧
150232	申万菱信中证申万电子行业投资指数分级B	0.6695	　0.922	-0.036	-3.758%	0.9580	0.9500	4882	45.32		股吧
164105	华富强化回报债券(LOF)	1.4320	　1.424	-0.070	-4.685%	1.4940	1.4240	2	0.03		股吧
150219	前海开源健康分级A	1.0260	　1.093	-0.056	-4.874%	1.1490	1.0930	1	0.01		股吧
150102	长信利众分级债券B	1.3520	　1.346	-0.075	-5.278%	1.4210	1.3460	4714	63.40		股吧
150165	东吴中证可转换债券指数分级B	1.0628	　1.032	-0.063	-5.753%	1.0950	1.0210	402	4.15		股吧
150148	信诚中证800医药指数分级A	1.0230	　1.071	-0.069	-6.053%	1.1400	1.0710	1	0.01		股吧
150144	银华中证转债指数增强分级B	1.0730	　1.070	-0.083	-7.199%	1.1530	1.0660	1997	21.06		股吧
150083	广发深证100指数分级A	1.0194	　0.971	-0.079	-7.524%	1.0500	0.9710	585	5.68		股吧
150256	易方达银行指数分级B	0.8959	　0.889	-0.086	-8.821%	0.9750	0.8890	100	0.89		股吧
150122	银河沪深300成长进取	1.1810	　1.044	-0.114	-9.845%	1.1580	1.2160	1201	13.32		股吧
150298	南方中证互联网指数分级B	0.7495	　0.763	-0.085	-10.024%	0.8480	0.7680	16	0.12		股吧
150020	富国汇利回报分级A	1.0780	　0.000	-1.076	--	1.0760	0.0000	0	0.00		股吧
150021	富国汇利回报分级B	1.0580	　0.000	-1.057	--	1.0570	0.0000	0	0.00		股吧
150032	嘉实多利分级债券优先	1.0100	　0.000	-1.008	--	1.0080	0.0000	0	0.00		股吧
150036	建信稳健	1.0170	　0.000	-1.010	--	1.0100	0.0000	0	0.00		股吧
150058	长城久兆积极指数	0.7490	　0.000	-1.000	--	1.0000	0.0000	0	0.00		股吧
150064	长盛同瑞A	1.0220	　0.000	-1.021	--	1.0210	0.0000	0	0.00		股吧
150065	长盛同瑞B	0.9050	　0.000	-0.889	--	0.8890	0.0000	0	0.00		股吧
150067	国泰信用互利分级债券B	1.4729	　0.000	-1.509	--	1.5090	0.0000	0	0.00		股吧
150075	诺安中证创业成长指数进取	0.3920	　0.000	-0.655	--	0.6550	0.0000	0	0.00		股吧
150077	浙商沪深300指数分级进取	1.1940	　0.000	-1.460	--	1.4600	0.0000	0	0.00		股吧
150094	泰信基本面400A	1.0220	　0.000	-1.017	--	1.0170	0.0000	0	0.00		股吧
150095	泰信基本面400B	0.9200	　0.000	-0.911	--	0.9110	0.0000	0	0.00		股吧
150129	鹏华丰利分级债券B	1.1650	　0.000	-1.166	--	1.1660	0.0000	0	0.00		股吧
150134	德邦德信中高企债指数分级B	1.1370	　0.000	-1.145	--	1.1450	0.0000	0	0.00		股吧
150135	国富中证100指数增强分级A	1.0120	　0.000	-1.003	--	1.0030	0.0000	0	0.00		股吧
150145	招商沪深300高贝塔指数分级A	1.0240	　0.000	-1.019	--	1.0190	0.0000	0	0.00		股吧
150146	招商沪深300高贝塔指数分级B	0.9254	　0.000	-1.416	--	1.4160	0.0000	0	0.00		股吧
150156	中银互利分级债券B	1.0014	　0.000	-1.022	--	1.0220	0.0000	0	0.00		股吧
150225	博时证券保险指数分级A	1.0259	　0.000	-1.021	--	1.0210	0.0000	0	0.00		股吧
150229	鹏华酒分级A	1.0230	　0.000	-1.025	--	1.0250	0.0000	0	0.00		股吧
150233	申万菱信中证申万传媒行业投资指数分级A	1.0094	　0.000	-0.990	--	0.9900	0.0000	0	0.00		股吧
150234	申万菱信中证申万传媒行业投资指数分级B	0.3736	　0.000	-0.386	--	0.3860	0.0000	0	0.00		股吧
150245	鹏华互联网分级A	1.0270	　0.000	-1.040	--	1.0400	0.0000	0	0.00		股吧
150249	招商中证银行指数分级A	1.0216	　0.000	-1.029	--	1.0290	0.0000	0	0.00		股吧
150265	中融一带一路分级A	1.0270	　0.000	-1.045	--	1.0450	0.0000	0	0.00		股吧
150267	博时中证银行指数分级A	1.0259	　0.000	-1.020	--	1.0200	0.0000	0	0.00		股吧
150268	博时中证银行指数分级B	1.0323	　0.000	-0.960	--	0.9600	0.0000	0	0.00		股吧
150271	招商国证生物医药指数分级A	1.0127	　0.000	-1.013	--	1.0130	0.0000	0	0.00		股吧
150273	鹏华一带一路分级A	1.0350	　0.000	-1.031	--	1.0310	0.0000	0	0.00		股吧
150277	鹏华高铁分级A	1.0350	　0.000	-1.026	--	1.0260	0.0000	0	
150279	鹏华新能源分级A	1.0350	　0.000	-1.027	--	1.0270	0.0000	0	0.00		股吧
150282	长盛中证金融地产分级B	0.6480	　0.000	-0.676	--	0.6760	0.0000	0	0.00		股吧
150301	华安中证全指证券公司指数分级A	1.0265	　0.000	-1.029	--	1.0290	0.0000	0	0.00		股吧
150311	信诚中证智能家居指数分级A	1.0140	　0.000	-1.007	--	1.0070	0.0000	0	0.00		股吧
150317	交银中证互联网金融指数分级A	1.0230	　0.000	-1.021	--	1.0210	0.0000	0	0.00		股吧
150323	工银中证环保产业指数分级A	1.0237	　0.000	-1.022	--	1.0220	0.0000	0	0.00		股吧
150325	工银中证高铁产业指数分级A	1.0237	　0.000	-1.024	--	1.0240	0.0000	0	0.00		股吧
150326	工银中证高铁产业指数分级B	0.7439	　0.000	-1.000	--	1.0000	0.0000	0	0.00		股吧
150327	工银中证新能源指数分级A	1.0237	　0.000	-1.022	--	1.0220	0.0000	0	0.00		股吧
150331	建信网金融分级A	1.0286	　0.000	-1.008	--	1.0080	0.0000	0	0.00		股吧
150332	建信网金融分级B	0.8528	　0.000	-0.899	--	0.8990	0.0000	0	0.00		股吧
150335	融通军工分级A	1.0270	　0.000	-1.024	--	1.0240	0.0000	0	0.00		股吧
150343	融通证券分级A	1.0270	　0.000	-1.027	--	1.0270	0.0000	0	0.00		股吧
160219	国泰国证医药卫生行业指数分级	1.1376	　0.000	-1.000	--	1.0000	0.0000	0	0.00		股吧
160418	华安中证银行指数分级	0.8118	　0.000	-1.000	--	1.0000	0.0000	0	0.00		股吧
160419	华安中证全指证券公司指数分级	0.9234	　0.000	-1.000	--	1.0000	0.0000	0	0.00		股吧
160517	博时中证银行指数分级	1.0291	　0.000	-1.000	--	1.0000	0.0000	0	0.00		股吧
160617	鹏华丰润债券(LOF)	1.1138	　0.000	-1.110	--	1.1100	0.0000	0	0.00		股吧
160622	鹏华丰利债券(LOF)	1.0010	　0.000	-1.001	--	1.0010	0.0000	0	0.00		股吧
160626	鹏华信息分级	0.9460	　0.000	-1.000	--	1.0000	0.0000	0	0.00		股吧
160814	长盛中证金融地产分级	0.8370	　0.000	-1.000	--	1.0000	0.0000	0	0.00		股吧
160915	大成景丰债券(LOF)	1.0010	　0.000	-0.989	--	0.9890	0.0000	0	0.00		股吧
161117	易方达永旭定期开放债券	1.0740	　0.000	-1.090	--	1.0900	0.0000	0	0.00		股吧
161216	国投瑞银双债债券(LOF)A	1.1350	　0.000	-1.136	--	1.1360	0.0000	0	0.00		股吧
161626	融通通福债券(LOF)A	1.1854	　0.000	-1.196	--	1.1960	0.0000	0	0.00		股吧
161718	招商沪深300高贝塔指数分级	0.9747	　0.000	-1.000	--	1.0000	0.0000	0	0.00		股吧
161813	银华信用债券(LOF)	1.3140	　0.000	-1.300	--	1.3000	0.0000	0	0.00		股吧
161825	银华中证800等权指数增强分级	0.8830	　0.000	-1.000	--	1.0000	0.0000	0	0.00		股吧
161832	银华中证国防安全指数分级	1.0760	　0.000	-1.000	--	1.0000	0.0000	0	0.00		股吧
162105	金鹰持久增利债券(LOF)C	1.2164	　0.000	-1.216	--	1.2160	0.0000	0	0.00		股吧
162215	泰达宏利聚利债券(LOF)	1.1130	　0.000	-1.099	--	1.0990	0.0000	0	0.00		股吧
162413	华宝中证1000指数分级	0.8978	　0.000	-1.000	--	1.0000	0.0000	0	0.00		股吧
162511	国联安双佳信用债券(LOF)	0.8520	　0.000	-1.000	--	1.0000	0.0000	0	0.00		股吧
163003	长信利鑫债券(LOF)C	0.6703	　0.000	-0.669	--	0.6690	0.0000	0	0.00		股吧
163118	申万菱信中证申万医药生物指数分级	1.1651	　0.000	-1.000	--	1.0000	0.0000	0	0.00		股吧
164302	新华惠鑫债券(LOF)C	0.9349	　0.000	-0.935	--	0.9350	0.0000	0	0.00		股吧
165311	建信信用增强债券(LOF)A	1.3110	　0.000	-1.309	--	1.3090	0.0000	0	0.00		股吧
165519	信诚中证800医药指数分级	1.0760	　0.000	-1.000	--	1.0000	0.0000	0	0.00		股吧
165705	诺德双翼债券(LOF)	0.9470	　0.000	-0.938	--	0.9380	0.0000	0	0.00		股吧
165807	东吴鼎利债券(LOF)	0.8759	　0.000	-0.973	--	0.9730	0.0000	0	0.00		股吧
165809	东吴中证可转换债券指数分级	1.0353	　0.000	-1.000	--	1.0000	0.0000	0	0.00		股吧
