AHD	伦铝	-13.050	　1591.950	1605.000	1606.500	1614.500	1587.000	1592.000	1592.500	13	8	0
BO	美黄豆油	-0.070	　28.030	28.100	28.020	28.290	27.940	28.020	28.040	27	10	136,371
BTC	CME比特币期货	-52.000	　9728.000	9780.000	9630.000	9985.000	9620.000	9735.000	9745.000	7	6	7,699
C	美国玉米	-2.300	　331.450	333.750	332.250	334.000	331.000	331.500	331.750	131	248	493,383
CAD	伦铜	-4.600	↑5694.900	5699.500	5729.000	5755.000	5676.000	5696.000	5697.500	1	2	0
CHA50CFD	富时中国A50指数	-24.250	↓13748.250	13772.500	13757.500	13767.500	13732.500	13750.000	13755.000	87	40	651,425
CL	WTI纽约原油	-0.814	↑37.376	38.190	38.220	38.860	37.070	37.400	37.420	12	12	219,266
CT	美国棉花	-0.062	　60.308	60.370	60.370	60.770	60.200	60.300	60.330	1	1	0
ES	标普500指数期货	-29.400	↓3198.100	3227.500	3227.750	3231.000	3190.000	3199.000	3199.250	11	27	3,106,111
FCPO	马棕油	+44.300	↓2392.300	2348.000	2332.000	2422.000	2331.000	2388.000	2389.000	5	7	65,122
GC	纽约黄金	+8.920	↑1714.020	1705.100	1703.900	1716.900	1697.600	1713.500	1713.700	9	8	329,400
HG	美铜	-0.055	　256.495	256.550	257.950	259.550	255.550	256.600	256.650	2	10	79,322
HSI	恒生指数期货	+5.900	↓24872.900	24867.000	24828.000	24908.000	24764.000	24868.000	24873.000	1	4	0
LHC	美瘦猪肉	+0.040	　53.965	53.925	53.200	55.000	53.200	54.050	54.100	1	12	59,371
NG	美国天然气	+0.024	↓1.813	1.789	1.809	1.829	1.806	1.814	1.815	3	8	285,189
NID	伦镍	-186.500	　12877.500	13064.000	13060.000	13100.000	12855.000	12880.000	12885.000	3	1	0
NK	日经225指数期货	-313.500	↓22781.500	23095.000	23075.000	23095.000	22705.000	22785.000	22795.000	22	25	118,644
NQ	纳斯达克指数期货	-49.500	↓9835.250	9884.750	9887.250	9907.250	9812.750	9837.750	9838.250	1	1	211,068
OIL	布伦特原油	-0.671	↑40.129	40.800	41.100	41.450	39.850	40.150	40.170	10	13	0
PBD	伦铅	-15.350	↓1744.150	1759.500	1762.000	1765.000	1741.000	1743.000	1745.000	7	2	0
RS	美国原糖	-0.075	　11.865	11.940	11.900	11.940	11.820	11.860	11.880	25	38	0
S	美国大豆	-3.075	↓861.675	864.750	864.000	866.500	861.000	861.750	862.000	21	31	243,078
SI	纽约白银	-0.087	↑17.806	17.893	17.945	17.990	17.685	17.820	17.825	5	6	102,817
SM	美黄豆粉	-0.540	　287.860	288.400	287.600	289.500	287.500	287.900	288.000	97	4	137,590
SND	伦锡	+83.500	　16748.500	16665.000	16675.000	16875.000	16645.000	16730.000	16790.000	2	1	0
VX	VIX恐慌指数期货	+0.805	　26.830	26.025	26.050	27.100	26.000	26.750	26.800	32	1	0
W	美国小麦	-3.375	　508.125	511.500	512.000	514.000	507.000	508.000	508.250	20	4	149,573
XAG	伦敦银（现货白银）	-0.140	　17.630	17.770	17.680	17.770	17.460	17.620	17.640	0	0	0
XAU	伦敦金（现货黄金）	+8.750	↑1707.280	1698.530	1698.500	1709.830	1692.580	1707.130	1707.430	0	0	0
XPD	钯金期货	-45.570	　1991.330	2036.900	2049.600	2056.500	1985.300	1990.500	2001.200	1	1	6,381
XPT	铂金期货	-11.440	↓849.760	861.200	865.500	868.000	846.700	849.900	850.600	2	4	31,612
YM	道琼斯指数期货	-295.700	↓27231.300	27527.000	27562.000	27624.000	27126.000	27242.000	27244.000	1	2	78,011
ZSD	伦锌	-23.300	　2018.700	2042.000	2042.000	2046.000	2016.000	2018.500	2019.500	2	1	0
IC0	IC0	　5559.2	42.6	0.77%	5522.2	5531.0	5577.0	5511.0	5516.6	83,648	105,490
IC2006	IC2006	　5559.2	42.6	0.77%	5522.2	5531.0	5577.0	5511.0	5516.6	83,648	105,490
IC2007	IC2007	　5474.0	35.4	0.65%	5442.4	5448.0	5491.6	5434.4	5438.6	6,065	14,023
IC2009	IC2009	　5335.2	28.2	0.53%	5311.4	5318.0	5349.0	5301.2	5307.0	12,142	49,681
IC2012	IC2012	　5176.8	17.8	0.35%	5165.0	5168.4	5193.0	5150.0	5159.0	4,421	22,424
IH0	IH0	　2906.0	19.0	0.66%	2887.2	2889.6	2915.0	2886.0	2887.0	24,819	32,631
IH2006	IH2006	　2906.0	19.0	0.66%	2887.2	2889.6	2915.0	2886.0	2887.0	24,819	32,631
IH2007	IH2007	　2858.6	17.2	0.61%	2842.4	2843.0	2865.0	2840.0	2841.4	2,972	7,219
IH2009	IH2009	　2812.8	18.6	0.67%	2794.4	2797.0	2818.0	2790.2	2794.2	4,167	16,917
IH2012	IH2012	　2788.0	17.2	0.62%	2773.4	2771.2	2793.4	2769.2	2770.8	879	4,817
T2009	T2009	　100.0	-0.1	-0.12%	100.2	100.1	100.4	100.0	100.2	62,231	76,982
T2012	T2012	　99.6	-0.1	-0.10%	99.6	99.6	99.8	99.5	99.7	1,031	3,373
TF0	TF0	　101.6	0.0	0.04%	101.6	101.6	101.9	101.6	101.6	35,016	47,262
TF2006	TF2006	　102.2	0.0	0.03%	102.1	102.3	102.3	102.2	102.1	38	1,076
TF2009	TF2009	　101.6	0.0	0.04%	101.6	101.6	101.9	101.6	101.6	35,016	47,262
TF2012	TF2012	　101.1	0.1	0.06%	101.1	101.0	101.4	101.0	101.1	341	1,211
TS0	TS0	　101.2	0.0	0.04%	101.2	101.1	101.4	101.1	101.2	11,160	15,110
TS2006	TS2006	　101.3	0.0	0.02%	101.3	101.4	101.5	101.3	101.3	40	361
TS2009	TS2009	　101.2	0.0	0.04%	101.2	101.1	101.4	101.1	101.2	11,160	15,110
TS2012	TS2012	　101.0	0.0	0.03%	101.0	100.9	101.2	100.9	101.0	267	2,782
IF0	期指0	　4014.8	26.2	0.66%	3991.4	3992.8	4026.0	3986.0	3988.6	74,332	88,701
IF2006	期指2006	　4014.8	26.2	0.66%	3991.4	3992.8	4026.0	3986.0	3988.6	74,332	88,701
IF2007	期指2007	　3954.4	23.6	0.60%	3934.0	3936.0	3964.8	3925.0	3930.8	6,645	18,719
IF2009	期指2009	　3894.4	21.0	0.54%	3876.4	3887.2	3904.8	3871.4	3873.4	9,127	30,395
IF2012	期指2012	　3856.4	19.0	0.50%	3841.6	3843.0	3866.2	3837.4	3837.4	1,732	7,157
SC0	上海原油连续	　289	-1.03%	289	290	294	285	0	0	290	292	13	51	157,648	36,243
SC2007	上海原油2007	　289	-1.03%	289	290	294	285	0	0	290	292	13	51	157,648	36,243
SC2008	上海原油2008	　304	-1.11%	304	305	308	300	0	0	305	307	7	3	43,415	38,756
SC2009	上海原油2009	　316	-0.75%	316	318	320	313	0	0	317	319	1	1	28,331	40,706
SC2010	上海原油连续	　325	-0.76%	325	327	328	322	0	0	325	327	1	1	2,817	10,032
SC2011	上海原油2011	　331	-0.66%	331	333	334	329	0	0	332	333	2	1	1,380	4,552
SC2012	上海原油2012	　337	-0.85%	337	338	340	335	0	0	338	340	1	3	4,298	17,787
SC2101	上海原油2101	　344	-0.86%	344	346	346	343	0	0	344	347	1	1	146	363
SC2102	上海原油2102	　351	-0.93%	351	355	355	349	0	0	352	355	1	1	32	288
SC2103	上海原油2103	　356	-1.17%	356	359	360	355	0	0	357	360	5	1	99	1,525
SC2105	上海原油2105	　371	+0.32%	371	362	371	362	0	0	367	370	1	1	2	3
SC2106	上海原油2106	　375	-0.32%	375	375	375	375	0	0	375	376	1	1	2	236
SC2109	上海原油2109	　386	-0.97%	386	388	388	386	0	0	387	390	1	1	5	81
SC2112	上海原油2112	　394	-0.53%	394	394	400	394	0	0	397	396	1	1	21	170
SC2203	上海原油2203	　404	+0.77%	404	406	406	404	0	0	405	401	1	1	2	66
SC2212	上海原油2212	　427	+0.16%	427	427	427	427	0	0	427	426	1	1	1	68
HC0	热轧卷板连续	　3545	0.00%	3545	3530	3563	3502	0	0	3530	3545	107	5	267,611	472,638
HC2009	热轧卷板2009	　3558	-0.64%	3558	3536	3575	3532	0	0	3548	3581	1	2	90	512
HC2010	热轧卷板连续	　3545	0.00%	3545	3530	3563	3502	0	0	3530	3545	107	5	267,611	472,638
HC2011	热轧卷板2011	　3517	-0.85%	3517	3506	3517	3506	0	0	3511	3547	1	1	2	83
HC2012	热轧卷板2012	　3498	-0.23%	3498	3452	3506	3452	0	0	3490	3506	1	2	9	19
HC2101	热轧卷板2101	　3424	+0.06%	3424	3414	3432	3387	0	0	3406	3422	100	2	27,116	58,814
HC2105	热轧卷板2105	　3315	-0.06%	3315	3320	3322	3292	0	0	3304	3317	7	1	4,006	12,573
SP0	纸浆连续	　4458	-0.04%	4458	4458	4482	4444	0	0	4462	4460	2	305	69,474	111,963
SP2009	纸浆2009	　4458	-0.04%	4458	4458	4482	4444	0	0	4462	4460	2	305	69,474	111,963
SP2101	纸浆2101	　4588	+0.22%	4588	4580	4604	4570	0	0	4586	4578	1	4	999	4,769
BU0	沥青连续	　2606	-1.73%	2606	2636	2656	2600	0	0	2620	2652	261	32	561,058	464,362
BU2006	沥青2006	　2468	-0.80%	2468	2486	2494	2460	0	0	2474	2488	21	234	5,465	24,041
BU2007	沥青2007	　2508	-0.71%	2508	2522	2534	2506	0	0	2520	2526	2	2	98	353
BU2008	沥青2008	　2542	-1.09%	2542	2560	2560	2532	0	0	2540	2570	2	1	67	179
BU2009	沥青2009	　2564	-1.08%	2564	2576	2596	2556	0	0	2574	2592	45	2	35,692	92,102
BU2010	沥青连续	　2580	-1.23%	2580	2600	2610	2560	0	0	2586	2612	1	2	73	171
BU2011	沥青2011	　2598	-0.46%	2598	2586	2600	2544	0	0	2584	2610	1	1	10	203
BU2012	沥青2012	　2606	-1.73%	2606	2636	2656	2600	0	0	2620	2652	261	32	561,058	464,362
BU2103	沥青2103	　2726	-0.22%	2726	2694	2730	2694	0	0	2722	2732	9	1	8	208
BU2106	沥青2106	　2728	-2.08%	2728	2758	2784	2722	0	0	2746	2786	3	1	1,473	6,221
BU2109	沥青2109	　2840	-1.73%	2840	2862	2862	2840	0	0	2852	2890	3	2	42	1,220
BU2112	沥青2112	　2886	-1.37%	2886	2904	2914	2882	0	0	2894	2926	1	7	183	1,463
BU2203	沥青2203	　2904	-0.82%	2904	2926	2926	2904	0	0	2912	2928	1	3	6	35
AU0	黄金连续	　386.30	+0.52%	386.30	385.30	387.66	384.34	0.00	0.00	385.84	384.32	15	22	140,352	208,235
AU2006	黄金2006	　384.00	+0.13%	384.00	384.76	386.36	382.90	0.00	0.00	384.36	383.52	15	3	402	528
AU2007	黄金2007	　385.28	+0.55%	385.28	384.64	386.12	383.80	0.00	0.00	385.04	383.16	1	1	35	31
AU2008	黄金2008	　385.30	+0.52%	385.30	384.80	386.58	383.24	0.00	0.00	384.70	383.30	8	1	7,056	11,217
AU2010	黄金连续	　385.72	+0.43%	385.72	384.92	387.10	383.76	0.00	0.00	385.34	384.06	1	2	31,205	22,470
AU2012	黄金2012	　386.30	+0.52%	386.30	385.30	387.66	384.34	0.00	0.00	385.84	384.32	15	22	140,352	208,235
AU2102	黄金2102	　387.40	+0.58%	387.40	386.24	388.50	385.14	0.00	0.00	386.68	385.16	1	1	2,011	5,463
AU2104	黄金2104	　387.52	+0.29%	387.52	387.08	388.88	386.52	0.00	0.00	388.42	386.40	1	2	91	239
AU2106	黄金2106	　388.76	+0.35%	388.76	388.48	390.38	387.64	0.00	0.00	389.00	387.40	1	2	111	381
AG0	白银连续	　4297	+0.89%	4297	4311	4329	4262	0	0	4293	4259	49	171	815,489	478,201
AG2006	白银2006	　4244	+0.86%	4244	4258	4270	4208	0	0	4246	4208	2	2	2,828	21,222
AG2007	白银2007	　4258	+0.90%	4258	4270	4281	4216	0	0	4248	4220	2	1	1,482	2,124
AG2008	白银2008	　4263	+0.95%	4263	4274	4292	4225	0	0	4256	4223	1	21	13,109	17,138
AG2009	白银2009	　4270	+0.90%	4270	4286	4303	4233	0	0	4266	4232	15	7	88,076	45,886
AG2010	白银连续	　4277	+0.85%	4277	4300	4312	4242	0	0	4276	4241	1	2	61,451	48,421
AG2011	白银2011	　4288	+0.78%	4288	4309	4320	4252	0	0	4285	4255	1	16	11,919	39,731
AG2012	白银2012	　4297	+0.89%	4297	4311	4329	4262	0	0	4293	4259	49	171	815,489	478,201
AG2101	白银2101	　4307	+1.10%	4307	4323	4335	4272	0	0	4297	4260	13	7	5,117	13,064
AG2102	白银2102	　4308	+0.56%	4308	4327	4345	4276	0	0	4319	4284	1	27	1,474	3,382
AG2103	白银2103	　4323	+1.00%	4323	4314	4354	4296	0	0	4321	4280	1	2	48	424
AG2104	白银2104	　4326	+0.98%	4326	4350	4350	4315	0	0	4333	4284	4	1	23	292
AG2105	白银2105	　4320	+0.58%	4320	4328	4352	4298	0	0	4324	4295	1	1	65	477
ZN0	沪锌连续	　16505	-0.15%	16505	16535	16725	16460	0	0	16600	16530	106	12	147,242	82,051
ZN2006	沪锌2006	　16590	+0.12%	16590	16585	16770	16530	0	0	16675	16570	5	20	7,115	11,455
ZN2007	沪锌2007	　16505	-0.15%	16505	16535	16725	16460	0	0	16600	16530	106	12	147,242	82,051
ZN2008	沪锌2008	　16410	-0.36%	16410	16455	16635	16365	0	0	16520	16470	9	6	79,929	57,682
ZN2009	沪锌2009	　16370	-0.27%	16370	16425	16570	16325	0	0	16465	16415	1	1	24,508	28,396
ZN2010	沪锌连续	　16340	-0.18%	16340	16365	16535	16290	0	0	16435	16370	2	2	3,793	12,150
ZN2011	沪锌2011	　16300	-0.18%	16300	16370	16530	16270	0	0	16400	16330	5	5	707	6,146
ZN2012	沪锌2012	　16330	-0.09%	16330	16390	16500	16270	0	0	16405	16345	1	4	133	2,966
ZN2101	沪锌2101	　16335	-0.12%	16335	16375	16500	16320	0	0	16395	16355	23	3	116	951
ZN2103	沪锌2103	　16360	+0.68%	16360	16395	16425	16360	0	0	16380	16250	1	1	56	299
ZN2104	沪锌2104	　16360	+0.31%	16360	16335	16415	16335	0	0	16360	16310	1	2	4	44
ZN2105	沪锌2105	　16300	+0.06%	16300	16370	16460	16300	0	0	16385	16290	1	1	19	62
FU0	燃料油连续	　1735	-2.03%	1735	1760	1768	1725	0	0	1743	1771	264	22	2,086,689	583,481
FU2007	燃料油2007	　1577	-1.25%	1577	1579	1593	1560	0	0	1575	1597	31	48	96,919	33,365
FU2008	燃料油2008	　1665	-1.42%	1665	1672	1684	1650	0	0	1666	1689	4	2	43,369	23,130
FU2009	燃料油2009	　1735	-2.03%	1735	1760	1768	1725	0	0	1743	1771	264	22	2,086,689	583,481
FU2010	燃料油连续	　1791	-1.97%	1791	1815	1824	1783	0	0	1799	1827	3	1	13,980	8,251
FU2011	燃料油2011	　1847	-1.39%	1847	1860	1875	1836	0	0	1853	1873	50	1	3,164	2,928
FU2012	燃料油2012	　1895	-1.10%	1895	1900	1920	1889	0	0	1906	1916	3	10	2,797	2,535
FU2101	燃料油2101	　1938	-1.42%	1938	1958	1971	1932	0	0	1948	1966	19	49	84,838	196,154
FU2102	燃料油2102	　2017	-1.13%	2017	2005	2214	2005	0	0	2037	2040	2	3	27	421
FU2103	燃料油2103	　2075	-1.66%	2075	2108	2115	2068	0	0	2081	2110	2	2	2,716	8,748
FU2104	燃料油2104	　2102	-0.76%	2102	2119	2123	2093	0	0	2104	2118	2	1	65	267
FU2105	燃料油2105	　2119	-0.24%	2119	2116	2128	2109	0	0	2117	2124	2	1	1,379	1,904
FU2106	燃料油2106	　2144	+0.14%	2144	2155	2155	2125	0	0	2136	2141	2	1	49	69
RU0	天然橡胶连续	　10640	+0.09%	10640	10590	10685	10530	0	0	10620	10630	12	236	250,770	213,510
RU2007	天然橡胶2007	　10465	-0.29%	10465	10405	10485	10405	0	0	10460	10495	1	1	4	44
RU2008	天然橡胶2008	　10575	+0.19%	10575	10545	10575	10545	0	0	10560	10555	3	1	2	52
RU2009	天然橡胶2009	　10640	+0.09%	10640	10590	10685	10530	0	0	10620	10630	12	236	250,770	213,510
RU2011	天然橡胶2011	　10810	+0.19%	10810	10755	10940	10710	0	0	10785	10790	5	5	574	3,148
RU2101	天然橡胶2101	　11865	-0.17%	11865	11850	11905	11785	0	0	11855	11885	7	20	17,438	46,390
RU2103	天然橡胶2103	　11925	+1.84%	11925	11915	11925	11915	0	0	11920	11710	1	2	2	22
RU2105	天然橡胶2105	　12060	-0.12%	12060	12055	12095	11965	0	0	12045	12075	1	8	633	1,919
AL0	铝连续	　13555	+1.65%	13555	13425	13650	13425	0	0	13545	13335	34	6	134,031	144,644
AL2006	铝2006	　13855	+1.65%	13855	13690	13910	13685	0	0	13825	13630	45	170	19,620	24,665
AL2007	铝2007	　13555	+1.65%	13555	13425	13650	13425	0	0	13545	13335	34	6	134,031	144,644
AL2008	铝2008	　13340	+1.37%	13340	13270	13440	13245	0	0	13340	13160	37	3	82,319	125,378
AL2009	铝2009	　13235	+1.26%	13235	13130	13335	13130	0	0	13230	13070	2	12	35,313	76,906
AL2010	铝连续	　13170	+1.11%	13170	13115	13265	13070	0	0	13170	13025	3	3	16,094	51,110
AL2011	铝2011	　13140	+1.19%	13140	13070	13215	13035	0	0	13125	12985	2	1	6,584	31,869
AL2012	铝2012	　13130	+1.27%	13130	13030	13180	12995	0	0	13090	12965	8	4	4,550	21,355
AL2101	铝2101	　13125	+1.31%	13125	13040	13170	12995	0	0	13075	12955	73	26	1,428	6,628
AL2102	铝2102	　13140	+1.51%	13140	13065	13200	13015	0	0	13110	12945	5	3	212	2,707
AL2103	铝2103	　13160	+1.50%	13160	13130	13200	13055	0	0	13140	12965	10	3	97	3,910
AL2104	铝2104	　13180	+1.27%	13180	13105	13240	13075	0	0	13175	13015	10	9	56	3,582
AL2105	铝2105	　13195	+1.19%	13195	13115	13240	13080	0	0	13180	13040	5	1	68	336
WR2102	线材2102	　3970	+3.04%	3970	3789	3970	3789	0	0	3879	3853	1	1	2	0
WR2105	线材2105	　3970	-1.37%	3970	3970	3970	3970	0	0	3970	4025	2	1	1	2
RB0	螺纹钢连续	　3619	-0.25%	3619	3615	3626	3588	0	0	3603	3628	142	133	1,281,325	1,325,030
RB2007	螺纹钢2007	　3716	+0.35%	3716	3694	3716	3679	0	0	3687	3703	1	3	93	893
RB2008	螺纹钢2008	　3690	-0.19%	3690	3668	3696	3668	0	0	3680	3697	4	1	73	609
RB2009	螺纹钢2009	　3669	-0.27%	3669	3662	3680	3645	0	0	3658	3679	2	3	1,278	2,658
RB2010	螺纹钢连续	　3619	-0.25%	3619	3615	3626	3588	0	0	3603	3628	142	133	1,281,325	1,325,030
RB2011	螺纹钢2011	　3580	-0.03%	3580	3561	3580	3551	0	0	3562	3581	2	3	37	1,076
RB2012	螺纹钢2012	　3541	-0.14%	3541	3522	3549	3514	0	0	3524	3546	2	1	38	1,056
RB2101	螺纹钢2101	　3456	-0.20%	3456	3450	3466	3430	0	0	3445	3463	2	62	71,065	271,908
RB2102	螺纹钢2102	　3355	-0.27%	3355	3340	3355	3340	0	0	3348	3364	1	1	3	1,405
RB2103	螺纹钢2103	　3347	-0.03%	3347	3339	3347	3330	0	0	3334	3348	1	3	15	1,327
RB2104	螺纹钢2104	　3375	-0.32%	3375	3361	3375	3361	0	0	3369	3386	1	2	5	979
RB2105	螺纹钢2105	　3341	-0.06%	3341	3338	3350	3320	0	0	3333	3343	29	7	21,782	74,370
PB0	铅连续	　14340	-0.14%	14340	14300	14445	14255	0	0	14365	14360	1	6	32,916	25,273
PB2006	铅2006	　14260	-0.31%	14260	14300	14400	14260	0	0	14365	14305	5	5	915	1,865
PB2007	铅2007	　14340	-0.14%	14340	14300	14445	14255	0	0	14365	14360	1	6	32,916	25,273
PB2008	铅2008	　14300	-0.17%	14300	14295	14390	14225	0	0	14315	14325	4	1	8,822	15,976
PB2009	铅2009	　14240	-0.32%	14240	14260	14345	14205	0	0	14285	14285	1	1	2,116	9,336
PB2010	铅连续	　14225	-0.21%	14225	14195	14325	14195	0	0	14285	14255	1	2	94	2,206
PB2011	铅2011	　14210	-0.07%	14210	14230	14300	14170	0	0	14255	14220	1	1	33	1,524
PB2012	铅2012	　14165	-0.56%	14165	14245	14275	14160	0	0	14210	14245	1	1	143	493
PB2101	铅2101	　14175	-0.35%	14175	14235	14285	14175	0	0	14215	14225	8	1	13	188
PB2102	铅2102	　14185	-0.18%	14185	14185	14185	14185	0	0	14185	14210	1	1	1	28
PB2105	铅2105	　14210	0.00%	14210	14285	14290	14210	0	0	14250	14210	1	1	8	43
NI0	镍连续	　103710	-1.04%	0	104300	104390	102550	0	0	0	104800	42	9	411,289	119,707
NI2006	镍2006	　103200	-1.07%	0	103690	103690	102400	0	0	0	104320	6	12	456	10,626
NI2007	镍2007	　103420	-1.04%	0	104410	104410	102320	0	0	0	104510	2	4	12,809	21,298
NI2008	镍2008	　103710	-1.04%	0	104300	104390	102550	0	0	0	104800	42	9	411,289	119,707
NI2009	镍2009	　103920	-1.02%	0	104500	104510	102810	0	0	0	104990	2	6	22,999	48,324
NI2010	镍连续	　103980	-1.03%	0	104710	104710	102920	0	0	0	105060	5	1	7,563	24,189
NI2011	镍2011	　103790	-1.01%	0	104230	104230	102540	0	0	0	104850	2	2	994	5,252
NI2012	镍2012	　103790	-1.00%	0	104000	104100	102800	0	0	0	104840	2	1	64	706
NI2101	镍2101	　104030	-0.98%	0	104620	104620	102860	0	0	0	105060	3	2	721	7,115
NI2102	镍2102	　103470	-1.62%	0	103630	103640	103470	0	0	0	105170	3	2	6	119
NI2103	镍2103	　103710	-1.14%	0	103150	103710	103150	0	0	0	104910	1	1	11	139
NI2104	镍2104	　104240	-0.73%	0	103820	104240	103150	0	0	0	105010	1	3	5	32
NI2105	镍2105	　104080	-0.91%	0	103920	104080	103120	0	0	0	105040	1	1	35	102
SN0	锡连续	　137870	+0.31%	0	137850	138100	136930	0	0	0	137450	2	2	25,573	34,717
SN2006	锡2006	　139990	-0.25%	0	140780	140780	139250	0	0	0	140340	2	4	38	1,214
SN2007	锡2007	　139080	+0.26%	0	139200	139280	138230	0	0	0	138720	1	1	1,679	5,565
SN2008	锡2008	　137870	+0.31%	0	137850	138100	136930	0	0	0	137450	2	2	25,573	34,717
SN2009	锡2009	　136860	+0.32%	0	137280	137280	135940	0	0	0	136430	1	11	1,534	2,278
SN2010	锡连续	　136010	+0.53%	0	135590	136020	135190	0	0	0	135290	4	46	56	212
SN2101	锡2101	　135960	+0.30%	0	135960	135960	135960	0	0	0	135560	1	1	1	150
SN2105	锡2105	　135870	-0.46%	0	135570	135870	135570	0	0	0	136500	2	2	4	8
NR0	20号胶连续	　9050	+0.06%	0	9005	9070	9000	0	0	0	9045	11	4	1,682	15,743
NR2006	20号胶2006	　8730	-0.06%	0	8730	8730	8730	0	0	0	8735	0	0	4	1,339
NR2007	20号胶2007	　8820	+0.06%	0	8830	8835	8760	0	0	0	8815	6	6	209	2,648
NR2008	20号胶2008	　8935	-0.06%	0	8930	8950	8890	0	0	0	8940	3	2	1,029	11,283
NR2009	20号胶2009	　9050	+0.06%	0	9005	9070	9000	0	0	0	9045	11	4	1,682	15,743
NR2010	20号胶连续	　9105	-0.33%	0	9105	9110	9105	0	0	0	9135	67	7	10	329
SS0	不锈钢连续	　12885	-0.81%	0	12980	12980	12845	0	0	0	12990	19	8	10,195	55,434
SS2007	不锈钢2007	　13080	-0.72%	0	13095	13125	13030	0	0	0	13175	26	3	144	1,704
SS2008	不锈钢2008	　12885	-0.81%	0	12980	12980	12845	0	0	0	12990	19	8	10,195	55,434
SS2009	不锈钢2009	　12830	-0.85%	0	12900	12910	12800	0	0	0	12940	10	6	1,960	4,651
SS2010	不锈钢连续	　12780	-0.81%	0	12775	12805	12750	0	0	0	12885	20	12	151	864
SS2011	不锈钢2011	　12760	-0.93%	0	12770	12795	12760	0	0	0	12880	1	5	22	141
SS2101	不锈钢2101	　12785	-1.50%	0	12785	12785	12785	0	0	0	12980	3	3	5	67
SS2104	不锈钢2104	　12730	-0.93%	0	12750	12845	12720	0	0	0	12850	1	1	7	47
P0	棕榈油连续	　5056	+2.14%	0	5014	5066	5006	0	0	0	4950	774	231	465,955	448,165
P2008	棕榈油2008	　5082	+1.52%	0	5082	5082	5082	0	0	0	5006	2	2	1	7
P2009	棕榈油2009	　5056	+2.14%	0	5014	5066	5006	0	0	0	4950	774	231	465,955	448,165
P2010	棕榈油连续	　4850	+1.51%	0	4856	4864	4820	0	0	0	4778	8	1	21	335
P2011	棕榈油2011	　4852	+1.59%	0	4826	4866	4808	0	0	0	4776	1	5	42	182
P2012	棕榈油2012	　4856	+0.54%	0	4830	4856	4830	0	0	0	4830	1	4	5	193
P2101	棕榈油2101	　4978	+1.51%	0	4948	4984	4928	0	0	0	4904	561	181	34,943	102,789
P2104	棕榈油2104	　5064	+1.89%	0	5064	5064	5064	0	0	0	4970	7	1	1	153
P2105	棕榈油2105	　5076	+0.99%	0	5064	5086	5050	0	0	0	5026	1	8	294	3,346
FB0	纤维板连续	　1348	+0.15%	0	1346	1354	1346	0	0	0	1346	1	2	19	516
FB2009	纤维板2009	　1348	+0.15%	0	1346	1354	1346	0	0	0	1346	1	2	19	516
JD0	鸡蛋连续	　2971	-0.87%	0	2990	2994	2960	0	0	0	2997	65	2	115,386	157,820
JD2007	鸡蛋2007	　2971	-0.87%	0	2990	2994	2960	0	0	0	2997	65	2	115,386	157,820
JD2008	鸡蛋2008	　3664	+0.49%	0	3647	3696	3634	0	0	0	3646	10	18	40,824	80,793
JD2009	鸡蛋2009	　4077	+0.49%	0	4062	4090	4062	0	0	0	4057	55	2	25,888	119,153
JD2010	鸡蛋连续	　3673	+0.27%	0	3670	3686	3652	0	0	0	3663	5	1	2,568	22,489
JD2011	鸡蛋2011	　3784	+0.48%	0	3770	3792	3770	0	0	0	3766	2	1	155	2,813
JD2012	鸡蛋2012	　3982	+0.33%	0	3975	3990	3975	0	0	0	3969	2	1	122	2,344
JD2101	鸡蛋2101	　4120	+0.64%	0	4112	4127	4110	0	0	0	4094	2	6	1,904	23,386
JD2102	鸡蛋2102	　3658	+0.69%	0	3662	3670	3653	0	0	0	3633	2	1	58	3,286
JD2103	鸡蛋2103	　3573	+0.31%	0	3579	3581	3567	0	0	0	3562	2	2	57	2,123
JD2104	鸡蛋2104	　3582	+0.53%	0	3586	3588	3575	0	0	0	3563	4	1	43	696
JD2105	鸡蛋2105	　3716	+0.24%	0	3711	3723	3711	0	0	0	3707	2	1	54	1,438
JM0	焦煤连续	　1186	-0.25%	0	1192	1209	1185	0	0	0	1189	17	35	61,134	93,932
JM2009	焦煤2009	　1186	-0.25%	0	1192	1209	1185	0	0	0	1189	17	35	61,134	93,932
JM2010	焦煤连续	　1182	+3.23%	0	1206	1206	1170	0	0	0	1145	1	3	10	19
JM2101	焦煤2101	　1154	+0.48%	0	1154	1169	1151	0	0	0	1149	39	38	2,217	7,357
JM2105	焦煤2105	　1100	+0.41%	0	1099	1116	1099	0	0	0	1096	1	5	99	598
EG0	乙二醇连续	　3727	+0.08%	0	3700	3730	3698	0	0	0	3724	33	105	84,988	227,336
EG2007	乙二醇2007	　3645	0.00%	0	3645	3645	3645	0	0	0	3645	30	1	445	931
EG2008	乙二醇2008	　3674	-0.03%	0	3658	3674	3652	0	0	0	3675	27	80	2,280	5,258
EG2009	乙二醇2009	　3727	+0.08%	0	3700	3730	3698	0	0	0	3724	33	105	84,988	227,336
EG2010	乙二醇连续	　3769	+0.16%	0	3755	3798	3749	0	0	0	3763	83	2	1,037	2,538
EG2011	乙二醇2011	　3809	+0.16%	0	3802	3810	3788	0	0	0	3803	121	10	230	1,352
EG2012	乙二醇2012	　3856	-1.10%	0	3865	3882	3856	0	0	0	3899	2	3	3	4
EG2101	乙二醇2101	　3883	-0.08%	0	3864	3887	3858	0	0	0	3886	5	5	740	17,477
EG2105	乙二醇2105	　3988	-0.42%	0	3986	4001	3986	0	0	0	4005	2	2	9	84
Y0	豆油连续	　5758	+0.77%	0	5750	5766	5722	0	0	0	5714	193	285	196,770	416,482
Y2007	豆油2007	　5732	-0.76%	0	5732	5732	5732	0	0	0	5776	1	2	2	5
Y2009	豆油2009	　5758	+0.77%	0	5750	5766	5722	0	0	0	5714	193	285	196,770	416,482
Y2011	豆油2011	　5810	+0.87%	0	5844	5844	5808	0	0	0	5760	3	1	13	394
Y2012	豆油2012	　5798	-0.38%	0	5814	5814	5798	0	0	0	5820	6	7	2	20
Y2101	豆油2101	　5824	+0.97%	0	5812	5830	5786	0	0	0	5768	103	8	33,971	148,111
Y2105	豆油2105	　5876	+0.79%	0	5864	5880	5852	0	0	0	5830	10	14	487	7,066
C0	玉米连续	　2078	+0.39%	0	2077	2082	2071	0	0	0	2070	1495	1419	138,959	675,281
C2007	玉米2007	　2051	+0.20%	0	2056	2056	2046	0	0	0	2047	1	20	766	17,986
C2009	玉米2009	　2078	+0.39%	0	2077	2082	2071	0	0	0	2070	1495	1419	138,959	675,281
C2011	玉米2011	　2101	+0.33%	0	2098	2103	2096	0	0	0	2094	223	320	7,039	39,247
C2101	玉米2101	　2121	+0.24%	0	2119	2124	2117	0	0	0	2116	1902	208	28,890	268,553
C2103	玉米2103	　2136	+0.28%	0	2136	2138	2132	0	0	0	2130	567	144	183	3,793
C2105	玉米2105	　2156	+0.19%	0	2154	2159	2153	0	0	0	2152	208	32	3,841	37,895
M0	豆粕连续	　2808	-0.18%	0	2810	2818	2803	0	0	0	2813	2984	692	386,240	1,539,275
M2007	豆粕2007	　2637	-0.15%	0	2638	2644	2630	0	0	0	2641	2	5	2,892	28,419
M2008	豆粕2008	　2788	-0.21%	0	2792	2797	2782	0	0	0	2794	9	81	9,030	27,105
M2009	豆粕2009	　2808	-0.18%	0	2810	2818	2803	0	0	0	2813	2984	692	386,240	1,539,275
M2011	豆粕2011	　2847	-0.18%	0	2851	2857	2841	0	0	0	2852	274	595	5,250	50,516
M2012	豆粕2012	　2874	-0.24%	0	2879	2888	2870	0	0	0	2881	240	240	2,377	1,830
M2101	豆粕2101	　2880	-0.28%	0	2886	2891	2873	0	0	0	2888	377	141	88,115	758,972
M2103	豆粕2103	　2772	-0.47%	0	2784	2784	2763	0	0	0	2785	4	3	82	1,433
M2105	豆粕2105	　2693	-0.44%	0	2709	2711	2692	0	0	0	2705	125	1	28,324	144,740
J0	焦炭连续	　1948	+0.23%	0	1954	1961	1943	0	0	0	1944	84	56	73,863	145,979
J2009	焦炭2009	　1948	+0.23%	0	1954	1961	1943	0	0	0	1944	84	56	73,863	145,979
J2101	焦炭2101	　1876	+0.62%	0	1884	1888	1870	0	0	0	1865	7	4	1,759	8,176
J2105	焦炭2105	　1799	+0.62%	0	1804	1804	1793	0	0	0	1788	1	7	31	441
RR0	粳米连续	　3450	-0.03%	0	3445	3453	3443	0	0	0	3451	4	14	1,899	22,582
RR2008	粳米2008	　3391	-0.03%	0	3408	3415	3391	0	0	0	3392	1	1	9	1,803
RR2009	粳米2009	　3450	-0.03%	0	3445	3453	3443	0	0	0	3451	4	14	1,899	22,582
RR2101	粳米2101	　3478	+0.14%	0	3468	3478	3468	0	0	0	3473	2	4	17	1,531
RR2104	粳米2104	　3526	-0.76%	0	3526	3526	3526	0	0	0	3553	1	1	1	3
PG0	液化石油气连续	　3559	-0.28%	0	3573	3588	3550	0	0	0	3569	70	73	75,096	70,450
PG2011	液化石油气2011	　3559	-0.28%	0	3573	3588	3550	0	0	0	3569	70	73	75,096	70,450
PG2012	液化石油气2012	　3576	-0.36%	0	3598	3599	3570	0	0	0	3589	103	103	1,797	7,447
PG2101	液化石油气2101	　3608	-0.25%	0	3628	3629	3600	0	0	0	3617	1	6	338	3,289
PG2102	液化石油气2102	　3599	+0.08%	0	3589	3599	3569	0	0	0	3596	17	1	8	27
PG2103	液化石油气2103	　3529	-0.17%	0	3555	3555	3500	0	0	0	3535	3	3	17	547
PG2105	液化石油气2105	　3412	-0.52%	0	3332	3430	3332	0	0	0	3430	2	3	19	107
PP0	聚丙烯连续	　7472	+1.36%	0	7443	7487	7405	0	0	0	7372	174	49	288,864	464,329
PP2007	聚丙烯2007	　7554	+1.07%	0	7478	7554	7478	0	0	0	7474	6	2	18	1,242
PP2008	聚丙烯2008	　7524	+1.31%	0	7503	7535	7450	0	0	0	7427	10	10	6,427	3,742
PP2009	聚丙烯2009	　7472	+1.36%	0	7443	7487	7405	0	0	0	7372	174	49	288,864	464,329
PP2010	聚丙烯连续	　7411	+1.52%	0	7360	7412	7336	0	0	0	7300	70	13	1,951	1,647
PP2011	聚丙烯2011	　7329	+1.30%	0	7234	7339	7234	0	0	0	7235	60	1	2,871	1,538
PP2012	聚丙烯2012	　7186	+0.21%	0	7186	7186	7186	0	0	0	7171	3	3	1	545
PP2101	聚丙烯2101	　7150	+1.07%	0	7131	7170	7102	0	0	0	7074	1	8	7,721	61,437
PP2103	聚丙烯2103	　7138	+0.31%	0	7148	7148	7138	0	0	0	7116	8	1	2	35
PP2105	聚丙烯2105	　7071	+0.99%	0	7038	7088	7022	0	0	0	7002	1	1	137	3,306
BB0	胶合板连续	　264	+9.99%	264	264	264	264	0	0	0	240	1	0	1	0
BB2006	胶合板2006	　264	+9.99%	264	264	264	264	0	0	0	240	0	0	1	0
I0	铁矿石连续	　768	-0.32%	0	769	772	760	0	0	0	771	1687	649	485,437	845,306
I2006	铁矿石2006	　819	+3.47%	0	819	819	819	0	0	0	792	4	3	13	1,701
I2007	铁矿石2007	　808	-0.25%	0	804	810	801	0	0	0	810	2	2	703	3,581
I2008	铁矿石2008	　797	-0.06%	0	795	800	788	0	0	0	797	21	5	2,735	9,900
I2009	铁矿石2009	　768	-0.32%	0	769	772	760	0	0	0	771	1687	649	485,437	845,306
I2010	铁矿石连续	　749	-0.20%	0	742	751	740	0	0	0	751	111	11	414	5,230
I2011	铁矿石2011	　731	-0.14%	0	729	734	724	0	0	0	732	28	124	440	7,407
I2012	铁矿石2012	　716	0.00%	0	708	716	708	0	0	0	716	2	3	2	184
I2101	铁矿石2101	　695	-0.14%	0	693	698	687	0	0	0	696	286	430	39,920	146,065
I2103	铁矿石2103	　667	+0.23%	0	662	668	659	0	0	0	666	3	5	21	557
I2105	铁矿石2105	　642	+0.31%	0	640	644	635	0	0	0	640	41	113	4,371	19,751
V0	PVC连续	　6385	+1.51%	0	6300	6390	6285	0	0	0	6290	382	182	85,092	228,364
V2008	PVC2008	　6445	+1.90%	0	6375	6480	6350	0	0	0	6325	10	7	3,887	3,745
V2009	PVC2009	　6385	+1.51%	0	6300	6390	6285	0	0	0	6290	382	182	85,092	228,364
V2010	PVC连续	　6330	+1.28%	0	6255	6330	6250	0	0	0	6250	20	22	688	1,846
V2011	PVC2011	　6265	+1.21%	0	6145	6265	6145	0	0	0	6190	100	50	181	843
V2101	PVC2101	　6185	+1.14%	0	6120	6195	6115	0	0	0	6115	50	40	6,630	44,585
V2105	PVC2105	　6120	+0.58%	0	6095	6120	6080	0	0	0	6085	1	225	776	2,584
L0	塑料连续	　6715	+1.67%	0	6650	6745	6625	6715	6720	0	6605	263	578	181,244	370,536
L2007	塑料2007	　6780	+2.03%	0	6665	6780	6665	6700	6780	0	6645	2	1	12	1,840
L2008	塑料2008	　6715	+1.90%	0	6655	6740	6630	6710	6720	0	6590	91	24	729	4,571
L2009	塑料2009	　6715	+1.67%	0	6650	6745	6625	6715	6720	0	6605	263	578	181,244	370,536
L2010	塑料2010	　6730	+2.20%	0	6635	6730	6635	6710	6720	0	6585	110	18	1,129	1,527
L2011	塑料2011	　6710	+1.98%	0	6640	6710	6630	6700	6710	0	6580	120	10	200	793
L2101	塑料2101	　6685	+1.36%	0	6610	6710	6610	6685	6690	0	6595	267	249	19,326	79,114
L2104	塑料2104	　6695	+0.45%	0	6695	6695	6695	6715	6780	0	6665	3	1	2	1
L2105	塑料2105	　6730	+1.36%	0	6670	6735	6655	6705	6730	0	6640	11	2	287	4,352
A0	豆一连续	　4687	+2.76%	0	4547	4703	4543	0	0	0	4561	163	21	344,065	149,459
A2007	豆一2007	　5065	+0.76%	0	5046	5066	5038	0	0	0	5027	2	2	104	1,268
A2009	豆一2009	　4687	+2.76%	0	4547	4703	4543	0	0	0	4561	163	21	344,065	149,459
A2011	豆一2011	　4164	+1.17%	0	4128	4189	4121	0	0	0	4116	1	1	78	494
A2101	豆一2101	　4143	+1.07%	0	4080	4158	4071	0	0	0	4099	2	36	9,118	21,095
A2103	豆一2103	　4166	+2.11%	0	4146	4166	4146	0	0	0	4080	2	7	3	44
A2105	豆一2105	　4150	+1.37%	0	4082	4158	4075	0	0	0	4094	2	3	502	2,458
B0	豆二连续	　3012	+0.10%	0	3011	3023	2994	0	0	0	3009	1	9	11,132	11,478
B2007	豆二2007	　3012	+0.10%	0	3011	3023	2994	0	0	0	3009	1	9	11,132	11,478
B2008	豆二2008	　3065	+0.03%	0	3080	3080	3054	0	0	0	3064	11	4	6,660	22,333
B2009	豆二2009	　3131	+0.13%	0	3135	3140	3119	0	0	0	3127	3	5	2,284	9,479
B2010	豆二连续	　3193	+0.50%	0	3185	3203	3182	0	0	0	3177	40	117	3,957	7,974
B2011	豆二2011	　3203	-0.03%	0	3184	3211	3184	0	0	0	3204	2	2	42	97
B2101	豆二2101	　3179	-0.28%	0	3183	3189	3175	0	0	0	3188	1	2	126	1,018
B2105	豆二2105	　3109	+0.26%	0	3100	3109	3095	0	0	0	3101	1	2	37	627
P0	棕榈油连续	　5046	+1.94%	0	5014	5066	5006	0	0	0	4950	396	1452	483,029	446,128
P2008	棕榈油2008	　5082	+1.52%	0	5082	5082	5082	0	0	0	5006	3	2	1	7
P2009	棕榈油2009	　5046	+1.94%	0	5014	5066	5006	0	0	0	4950	396	1452	483,029	446,128
P2010	棕榈油连续	　4850	+1.51%	0	4856	4864	4820	0	0	0	4778	6	7	23	335
P2011	棕榈油2011	　4852	+1.59%	0	4826	4866	4808	0	0	0	4776	1	1	42	182
P2012	棕榈油2012	　4856	+0.54%	0	4830	4856	4830	0	0	0	4830	1	5	5	193
P2101	棕榈油2101	　4968	+1.31%	0	4948	4984	4928	0	0	0	4904	207	80	36,543	102,859
P2104	棕榈油2104	　5100	+2.62%	0	5064	5100	5064	0	0	0	4970	7	3	2	153
P2105	棕榈油2105	　5076	+0.99%	0	5064	5086	5050	0	0	0	5026	4	9	294	3,346
CS0	淀粉连续	　2408	+0.42%	0	2405	2411	2402	0	0	0	2398	31	189	21,105	75,370
CS2007	淀粉2007	　2483	+2.60%	0	2460	2490	2444	0	0	0	2420	1	90	39	13
CS2009	淀粉2009	　2408	+0.42%	0	2405	2411	2402	0	0	0	2398	31	189	21,105	75,370
CS2101	淀粉2101	　2452	+0.20%	0	2453	2454	2445	0	0	0	2447	89	62	1,060	3,980
CS2105	淀粉2105	　2476	+0.45%	0	2476	2477	2469	0	0	0	2465	203	4	21	236
EB0	苯乙烯连续	　5880	+0.19%	0	5840	5895	5815	0	0	0	5869	5	2	31,581	120,643
EB2007	苯乙烯2007	　5625	-0.64%	0	5600	5636	5600	0	0	0	5661	13	3	18	736
EB2008	苯乙烯2008	　5748	-0.05%	0	5685	5768	5684	0	0	0	5751	6	10	1,077	3,758
EB2009	苯乙烯2009	　5880	+0.19%	0	5840	5895	5815	0	0	0	5869	5	2	31,581	120,643
EB2010	苯乙烯连续	　5951	+0.25%	0	5931	5956	5887	0	0	0	5936	15	26	412	437
EB2011	苯乙烯2011	　5995	-0.35%	0	5995	5995	5995	0	0	0	6016	1	4	1	17
EB2101	苯乙烯2101	　6155	+0.38%	0	6090	6164	6089	0	0	0	6132	1	1	181	6,137
EB2105	苯乙烯2105	　6380	-0.17%	0	6387	6387	6357	0	0	0	6391	2	7	9	102
MA0	甲醇连续	　1751	0.00%	1747	1745	1756	1739	0	0	1748	1751	1608	1788	484,869	1,366,847
MA2007	甲醇2007	　1646	-0.06%	1642	1640	1651	1637	0	0	1641	1647	38	10	2,338	28,616
MA2008	甲醇2008	　1700	+0.12%	1696	1692	1703	1691	0	0	1694	1698	112	32	184	602
MA2009	甲醇2009	　1751	0.00%	1747	1745	1756	1739	0	0	1748	1751	1608	1788	484,869	1,366,847
MA2010	甲醇连续	　1797	+0.06%	1795	1793	1800	1792	0	0	1795	1796	21	110	1,333	6,490
MA2011	甲醇2011	　1825	0.00%	1826	1818	1830	1818	0	0	1827	1825	128	175	6,319	28,821
MA2012	甲醇2012	　1885	+0.43%	1880	1882	1887	1877	0	0	1880	1877	1	1	10	7,192
MA2101	甲醇2101	　1923	+0.10%	1921	1918	1929	1915	0	0	1922	1921	44	99	16,818	154,451
MA2103	甲醇2103	　1960	+0.26%	1952	1952	1960	1951	0	0	1952	1955	2	11	30	12,066
MA2105	甲醇2105	　1986	+0.15%	1982	1984	1989	1980	0	0	1984	1983	1	1	110	4,409
SF2005	硅铁2005	　5530	+1.88%	5530	5474	5530	5474	0	0	5510	5428	3	20	32	2,267
SF2009	硅铁2009	　5798	-0.17%	0	5814	5838	5796	0	0	0	5808	1	34	8,748	45,300
CY0	棉纱连续	　19565	-0.03%	19535	19515	19605	19515	0	0	19560	19570	116	45	5,005	9,093
CY2009	棉纱2009	　19565	-0.03%	19535	19515	19605	19515	0	0	19560	19570	116	45	5,005	9,093
CY2101	棉纱2101	　20400	+0.54%	20400	20400	20400	20400	0	0	20400	20290	1	1	1	14
AP0	苹果连续	　8392	-1.69%	0	8472	8507	8390	0	0	0	8536	19	5	53,873	90,309
AP2007	苹果2007	　6012	-1.56%	0	6080	6116	6012	0	0	0	6107	1	1	1,209	5,281
AP2010	苹果连续	　8392	-1.69%	0	8472	8507	8390	0	0	0	8536	19	5	53,873	90,309
AP2011	苹果2011	　8251	-2.20%	0	8330	8360	8250	0	0	0	8437	1	1	751	5,625
AP2012	苹果2012	　8333	-2.00%	0	8341	8420	8330	0	0	0	8503	1	1	95	5,828
AP2101	苹果2101	　8378	-1.68%	0	8430	8453	8370	0	0	0	8521	3	3	4,669	19,508
AP2103	苹果2103	　8298	-1.08%	0	8280	8327	8252	0	0	0	8389	1	1	897	9,019
AP2105	苹果2105	　8420	-1.05%	0	8413	8450	8390	0	0	0	8509	2	10	614	6,039
SM0	锰硅连续	　6438	-1.01%	0	6478	6492	6426	0	0	0	6504	18	3	41,591	142,182
SM2007	锰硅2007	　6468	-1.07%	0	6488	6510	6468	0	0	0	6538	5	1	123	4,306
SM2008	锰硅2008	　6480	-0.86%	0	6522	6532	6474	0	0	0	6536	77	39	16,414	7,003
SM2009	锰硅2009	　6438	-1.01%	0	6478	6492	6426	0	0	0	6504	18	3	41,591	142,182
SM2010	锰硅连续	　6384	-0.78%	0	6342	6438	6342	0	0	0	6434	10	33	6,324	14,451
SM2011	锰硅2011	　6438	-0.53%	0	6476	6480	6424	0	0	0	6472	62	10	5,396	7,409
SM2101	锰硅2101	　6402	-0.62%	0	6442	6450	6390	0	0	0	6442	3	3	306	5,620
SM2105	锰硅2105	　6372	-0.62%	0	6386	6394	6360	0	0	0	6412	1	1	15	211
CJ0	红枣连续	　9940	-0.30%	0	9945	9965	9925	0	0	0	9970	20	50	2,421	15,365
CJ2007	红枣2007	　9775	+0.10%	0	9775	9775	9775	0	0	0	9765	1	11	2	216
CJ2009	红枣2009	　9940	-0.30%	0	9945	9965	9925	0	0	0	9970	20	50	2,421	15,365
CJ2012	红枣2012	　10420	-0.14%	0	10435	10435	10420	0	0	0	10435	8	1	5	2,578
CJ2101	红枣2101	　10485	-0.10%	0	10480	10495	10480	0	0	0	10495	1	1	18	2,493
CJ2105	红枣2105	　10400	-0.53%	0	10410	10435	10400	0	0	0	10455	1	2	6	16
UR0	尿素连续	　1539	-0.13%	0	1536	1540	1530	0	0	0	1541	505	44	9,446	97,790
UR2009	尿素2009	　1539	-0.13%	0	1536	1540	1530	0	0	0	1541	505	44	9,446	97,790
UR2101	尿素2101	　1523	+0.07%	0	1519	1523	1517	0	0	0	1522	4	67	412	12,776
UR2103	尿素2103	　1553	+0.26%	0	1553	1553	1553	0	0	0	1549	1	6	1	119
UR2105	尿素2105	　1577	+0.19%	0	1571	1577	1570	0	0	0	1574	7	2	21	1,620
JR0	粳稻连续	　2776	-0.18%	0	2783	2783	2776	0	0	0	2781	1	2	2	240
JR2007	粳稻2007	　2776	-0.18%	0	2783	2783	2776	0	0	0	2781	1	2	2	240
ZC0	动力煤连续	　543	+0.48%	546	546	548	543	0	0	546	540	90	90	96,249	147,512
ZC2007	动力煤2007	　547	+0.85%	548	548	553	547	0	0	550	543	2	7	5,765	30,577
ZC2008	动力煤2008	　550	+1.93%	0	550	550	550	0	0	0	539	1	1	1	3
ZC2009	动力煤2009	　543	+0.48%	546	546	548	543	0	0	546	540	90	90	96,249	147,512
ZC2010	动力煤连续	　541	+0.71%	544	544	546	541	0	0	544	538	119	16	5,407	6,592
ZC2011	动力煤2011	　540	+0.67%	542	542	543	539	0	0	541	536	113	36	6,790	27,023
ZC2101	动力煤2101	　532	+0.64%	534	533	535	531	0	0	534	529	14	1	1,253	14,855
ZC2103	动力煤2103	　524	+0.46%	524	524	526	524	0	0	525	522	1	1	5	272
ZC2105	动力煤2105	　521	+0.74%	521	515	522	515	0	0	520	517	1	1	32	244
FG0	玻璃连续	　1429	+0.49%	1423	1420	1432	1416	0	0	1423	1422	592	488	128,341	238,308
FG2007	玻璃2007	　1365	+0.37%	1365	1361	1374	1361	0	0	1369	1360	50	2	95	1,835
FG2008	玻璃2008	　1448	+0.70%	1441	1442	1451	1436	0	0	1441	1438	266	202	26,166	28,190
FG2009	玻璃2009	　1429	+0.49%	1423	1420	1432	1416	0	0	1423	1422	592	488	128,341	238,308
FG2010	玻璃连续	　1449	+0.49%	1444	1440	1452	1439	0	0	1445	1442	159	5	21,995	17,875
FG2011	玻璃2011	　1433	+0.49%	1429	1427	1435	1423	0	0	1428	1426	6	138	9,424	10,818
FG2012	玻璃2012	　1412	+0.79%	1408	1405	1412	1405	0	0	1407	1401	1	1	6	4,872
FG2101	玻璃2101	　1379	+0.22%	1377	1379	1392	1373	0	0	1378	1376	5	6	1,348	22,242
FG2104	玻璃2104	　1371	+0.29%	1371	1326	1371	1326	0	0	1354	1367	1	1	3	2
FG2105	玻璃2105	　1347	+0.52%	1342	1340	1348	1340	0	0	1344	1340	6	3	57	464
CF0	棉花连续	　12030	-0.04%	12020	12030	12085	12005	0	0	12035	12035	711	203	189,927	406,445
CF2007	棉花2007	　11750	-0.09%	11740	11750	11790	11730	0	0	11750	11760	395	58	193	14,180
CF2009	棉花2009	　12030	-0.04%	12020	12030	12085	12005	0	0	12035	12035	711	203	189,927	406,445
CF2011	棉花2011	　12320	0.00%	12315	12320	12370	12290	0	0	12330	12320	137	117	3,024	10,999
CF2101	棉花2101	　12560	-0.04%	12555	12580	12610	12535	0	0	12565	12565	240	27	17,281	74,295
CF2103	棉花2103	　12765	-0.08%	12735	12740	12770	12730	0	0	12735	12775	5	2	7	9,375
CF2105	棉花2105	　12930	-0.23%	12930	12915	12980	12910	0	0	12935	12960	5	2	543	5,954
OI0	菜油连续	　7242	+0.61%	7206	7208	7253	7200	0	0	7212	7198	21	6	75,004	125,242
OI2007	菜油2007	　7609	+0.65%	7587	7578	7609	7565	0	0	7579	7560	2	1	251	3,878
OI2009	菜油2009	　7242	+0.61%	7206	7208	7253	7200	0	0	7212	7198	21	6	75,004	125,242
OI2011	菜油2011	　7089	+0.45%	7070	7099	7102	7055	0	0	7072	7057	127	4	48,440	18,865
OI2101	菜油2101	　6951	+0.26%	6929	6941	6965	6926	0	0	6936	6933	1	1	5,370	32,690
OI2103	菜油2103	　6902	+0.25%	6902	6902	6902	6902	0	0	6902	6885	1	1	1	6
OI2105	菜油2105	　6871	+0.10%	6861	6887	6893	6860	0	0	6875	6864	1	1	549	3,225
RM0	菜粕连续	　2359	-0.88%	2362	2373	2375	2356	0	0	2366	2380	573	1045	292,202	342,689
RM2007	菜粕2007	　2313	-0.69%	2318	2321	2327	2313	0	0	2317	2329	1	1	125	4,613
RM2008	菜粕2008	　2350	-0.89%	2351	2349	2351	2349	0	0	2350	2371	1	1	3	107
RM2009	菜粕2009	　2359	-0.88%	2362	2373	2375	2356	0	0	2366	2380	573	1045	292,202	342,689
RM2011	菜粕2011	　2322	-0.77%	2325	2334	2337	2320	0	0	2327	2340	31	127	9,936	25,836
RM2101	菜粕2101	　2304	-0.48%	2306	2313	2318	2302	0	0	2310	2315	85	2	29,806	77,503
RM2103	菜粕2103	　2303	-0.39%	2308	2306	2308	2303	0	0	2308	2312	1	2	6	8,645
RM2105	菜粕2105	　2287	-0.48%	2293	2300	2305	2286	0	0	2297	2298	31	2	3,008	9,823
RS0	菜籽连续	　4501	-1.87%	4501	4211	4735	4211	0	0	4485	4587	2	1	5	1
RS2009	菜籽2009	　4501	-1.87%	4501	4211	4735	4211	0	0	4485	4587	2	1	5	1
TA0	PTA连续	　3738	-0.27%	3740	3728	3752	3724	0	0	3738	3748	579	433	292,301	1,390,945
TA2007	PTA2007	　3694	-0.22%	3688	3726	3726	3678	0	0	3690	3702	74	168	708	73,097
TA2008	PTA2008	　3716	-0.16%	3712	3804	3804	3706	0	0	3716	3722	156	38	1,756	862
TA2009	PTA2009	　3738	-0.27%	3740	3728	3752	3724	0	0	3738	3748	579	433	292,301	1,390,945
TA2010	PTA连续	　3812	0.00%	3812	3814	3820	3794	0	0	3810	3812	80	1	5,551	7,604
TA2011	PTA2011	　3828	0.00%	3824	3812	3838	3812	0	0	3826	3828	60	146	16,828	72,138
TA2012	PTA2012	　3864	-0.21%	3850	3846	3864	3846	0	0	3852	3872	3	4	7	5,475
TA2101	PTA2101	　3882	0.00%	3876	3864	3890	3862	0	0	3876	3882	60	57	45,016	462,640
TA2103	PTA2103	　3928	-0.10%	3932	3916	3940	3916	0	0	3924	3932	58	142	178	9,516
TA2105	PTA2105	　3984	-0.10%	3988	3970	3992	3968	0	0	3982	3988	52	2	3,945	18,253
SR0	白糖连续	　5126	-0.16%	5110	5140	5161	5101	0	0	5130	5134	83	9	291,777	424,452
SR2007	白糖2007	　5260	+0.11%	5252	5253	5288	5217	0	0	5251	5254	1	2	68	4,106
SR2009	白糖2009	　5126	-0.16%	5110	5140	5161	5101	0	0	5130	5134	83	9	291,777	424,452
SR2011	白糖2011	　5079	-0.04%	5063	5088	5102	5056	0	0	5074	5081	93	1	9,796	15,400
SR2101	白糖2101	　4970	-0.16%	4967	4976	4987	4954	0	0	4972	4978	6	6	30,228	172,456
SR2103	白糖2103	　4970	-0.02%	4965	4969	4984	4955	0	0	4971	4971	2	1	142	4,465
SR2105	白糖2105	　4976	0.00%	4971	4976	4988	4958	0	0	4971	4976	33	2	1,653	9,200
WH0	强麦连续	　2492	-0.12%	0	2490	2516	2488	0	0	0	2495	2	1	12	1,119
WH2009	强麦2009	　2492	-0.12%	0	2490	2516	2488	0	0	0	2495	2	1	12	1,119
WH2101	强麦2101	　2582	-0.69%	0	2582	2582	2582	0	0	0	2600	1	4	4	123
RI0	早籼稻连续	　2584	-1.03%	2584	2580	2584	2573	0	0	2580	2611	1	1	9	26
RI2009	早籼稻2009	　2584	-1.03%	2584	2580	2584	2573	0	0	2580	2611	1	1	9	26
SA0	纯碱连续	　1441	-0.21%	1437	1436	1445	1431	0	0	1437	1444	162	66	26,606	76,819
SA2007	纯碱2007	　1217	+0.58%	1212	1210	1217	1210	0	0	1211	1210	1	2	21	343
SA2008	纯碱2008	　1412	-0.42%	1410	1408	1412	1408	0	0	1409	1418	20	1	23	1,211
SA2009	纯碱2009	　1441	-0.21%	1437	1436	1445	1431	0	0	1437	1444	162	66	26,606	76,819
SA2012	纯碱2012	　1512	+0.27%	1512	1504	1512	1504	0	0	1508	1508	1	2	2	136
SA2101	纯碱2101	　1531	-0.46%	1532	1528	1538	1527	0	0	1532	1538	11	10	172	3,904
SA2105	纯碱2105	　1577	0.00%	1573	1564	1577	1564	0	0	1570	1577	1	1	33	682